wavelength,intensity
180.0,0.0
180.1,0.0
180.2,0.0
180.29999999999998,0.0
180.39999999999998,0.0
180.49999999999997,0.0
180.59999999999997,0.0
180.69999999999996,0.0
180.79999999999995,0.0
180.89999999999995,0.0
180.99999999999994,0.0
181.09999999999994,0.0
181.19999999999993,0.0
181.29999999999993,0.0
181.39999999999992,0.0
181.49999999999991,0.0
181.5999999999999,0.0
181.6999999999999,0.0
181.7999999999999,0.0
181.8999999999999,0.0
181.9999999999999,0.0
182.09999999999988,0.0
182.19999999999987,0.0
182.29999999999987,0.0
182.39999999999986,0.0
182.49999999999986,0.0
182.59999999999985,0.0
182.69999999999985,0.0
182.79999999999984,0.0
182.89999999999984,0.0
182.99999999999983,0.0
183.09999999999982,0.0
183.19999999999982,0.0
183.2999999999998,0.0
183.3999999999998,0.0
183.4999999999998,0.0
183.5999999999998,0.0
183.6999999999998,0.0
183.79999999999978,0.0
183.89999999999978,0.0
183.99999999999977,0.0
184.09999999999977,0.0
184.19999999999976,0.0
184.29999999999976,0.0
184.39999999999975,0.0
184.49999999999974,0.0
184.59999999999974,0.0
184.69999999999973,0.0
184.79999999999973,0.0
184.89999999999972,0.0
184.99999999999972,0.0
185.0999999999997,0.0
185.1999999999997,0.0
185.2999999999997,0.0
185.3999999999997,0.0
185.4999999999997,0.0
185.59999999999968,0.0
185.69999999999968,0.0
185.79999999999967,0.0
185.89999999999966,0.0
185.99999999999966,0.0
186.09999999999965,0.0
186.19999999999965,0.0
186.29999999999964,0.0
186.39999999999964,0.0
186.49999999999963,0.0
186.59999999999962,0.0
186.69999999999962,0.0
186.7999999999996,0.0
186.8999999999996,0.0
186.9999999999996,0.0
187.0999999999996,0.0
187.1999999999996,0.0
187.29999999999959,0.0
187.39999999999958,0.0
187.49999999999957,0.0
187.59999999999957,0.0
187.69999999999956,0.0
187.79999999999956,0.0
187.89999999999955,0.0
187.99999999999955,0.0
188.09999999999954,-6.798865448627011
188.19999999999953,2.1367832057244542
188.29999999999953,-8.665024623898978
188.39999999999952,19.525017342831703
188.49999999999952,-12.440214490796192
188.5999999999995,6.21038906599297
188.6999999999995,-8.219154985423616
188.7999999999995,-8.28216752932712
188.8999999999995,-17.758442114726037
188.9999999999995,-13.389681134370711
189.09999999999948,15.479492711225529
189.19999999999948,-7.403219188659756
189.29999999999947,0.09668543277727881
189.39999999999947,-25.526701237004954
189.49999999999946,3.0306993328211034
189.59999999999945,-3.5486903986352623
189.69999999999945,-31.19789107346543
189.79999999999944,-21.309143216870176
189.89999999999944,-21.52377799703927
189.99999999999943,2.6235139933094236
190.09999999999943,-2.375014458193073
190.19999999999942,9.240919594581769
190.29999999999941,-1.9808199406989513
190.3999999999994,-7.021079412493681
190.4999999999994,-4.340883773564719
190.5999999999994,-8.178737256271765
190.6999999999994,-10.80814544808911
190.7999999999994,-4.266657098967333
190.89999999999938,7.2715177953519206
190.99999999999937,2.1608154456220565
191.09999999999937,2.5358007294252585
191.19999999999936,-6.7352681145851765
191.29999999999936,-24.37991133261132
191.39999999999935,3.447657842419852
191.49999999999935,-27.324964484645868
191.59999999999934,16.12337057568494
191.69999999999933,-5.060820427529666
191.79999999999933,-40.27117392041797
191.89999999999932,-10.742294647640012
191.99999999999932,-13.74933514676888
192.0999999999993,2.8039122235104665
192.1999999999993,4.980441168693733
192.2999999999993,-14.771037423757525
192.3999999999993,-12.66095198658376
192.4999999999993,-11.816577913481296
192.59999999999928,-12.652798623282965
192.69999999999928,-21.630517262411285
192.79999999999927,-5.125981211413594
192.89999999999927,1.0761359695858994
192.99999999999926,2.4751074174150642
193.09999999999926,21.399166503378
193.19999999999925,-3.376904115876863
193.29999999999924,26.58775203585915
193.39999999999924,8.313113670829223
193.49999999999923,12.506750687935504
193.59999999999923,-13.871750119490327
193.69999999999922,-7.039179591285809
193.79999999999922,-3.2685740368138725
193.8999999999992,-10.58317189439122
193.9999999999992,-12.272176580387992
194.0999999999992,-13.224384044200109
194.1999999999992,27.042548715014693
194.2999999999992,2.03425210527175
194.39999999999918,-23.142725480394155
194.49999999999918,-17.687611456599914
194.59999999999917,2.5441882717182276
194.69999999999916,-18.65047730290682
194.79999999999916,-15.974930049637642
194.89999999999915,12.765956795873713
194.99999999999915,-15.64484895559361
195.09999999999914,-9.720592122520893
195.19999999999914,-5.846614180206638
195.29999999999913,13.855266910011075
195.39999999999912,-14.347125720441122
195.49999999999912,-4.9876028737380205
195.5999999999991,-8.44559553276546
195.6999999999991,-2.9425303671641
195.7999999999991,-9.1573281991902
195.8999999999991,-13.483172691885738
195.9999999999991,-4.204741144839158
196.09999999999908,-23.68774120356833
196.19999999999908,8.300699567791133
196.29999999999907,-16.58412233219684
196.39999999999907,9.160570479513105
196.49999999999906,-7.616493137974678
196.59999999999906,-9.646017168106017
196.69999999999905,-16.194993524910927
196.79999999999905,-8.312253992491968
196.89999999999904,-4.126814224111692
196.99999999999903,-4.927639971130636
197.09999999999903,5.964424352567575
197.19999999999902,2.417815319700392
197.29999999999902,-7.959173581950824
197.399999999999,-18.39764627442362
197.499999999999,-0.5395066814056966
197.599999999999,4.113376225905228
197.699999999999,-3.9765248853588853
197.799999999999,-0.07718738977954276
197.89999999999898,-2.7755752968637593
197.99999999999898,-16.283270012127208
198.09999999999897,-6.647041978742451
198.19999999999897,-12.792165323699718
198.29999999999896,0.10671550244497052
198.39999999999895,-16.033666935405233
198.49999999999895,-10.822353957853576
198.59999999999894,3.362022168013237
198.69999999999894,-10.367915414960297
198.79999999999893,-23.142800342147282
198.89999999999893,-6.631051945672347
198.99999999999892,-0.5129347543801883
199.09999999999891,4.929279920855026
199.1999999999989,4.31725940760452
199.2999999999989,64.91712753779888
199.3999999999989,135.3809099091265
199.4999999999989,43.93062765603171
199.5999999999989,-8.343100970442974
199.69999999999888,-4.027516305802815
199.79999999999887,11.698599964086458
199.89999999999887,1.4452007020910411
199.99999999999886,69.26542501812884
200.09999999999886,113.77909696952018
200.19999999999885,42.05201166125543
200.29999999999885,0.7269791406361978
200.39999999999884,7.315753583860458
200.49999999999883,-21.005120865323164
200.59999999999883,7.558351043261571
200.69999999999882,-11.45077101981011
200.79999999999882,-6.003609171394796
200.8999999999988,4.299079603562141
200.9999999999988,-0.8908678304237869
201.0999999999988,4.483616818423636
201.1999999999988,1.6320710113495662
201.2999999999988,-13.778276083951335
201.39999999999878,4.386888019655113
201.49999999999878,17.755989501856117
201.59999999999877,66.62082397709696
201.69999999999877,28.648914279314713
201.79999999999876,-3.307649266306197
201.89999999999876,4.651892029903365
201.99999999999875,-3.9945448370962753
202.09999999999874,-10.244562868018075
202.19999999999874,-13.148267287301701
202.29999999999873,-15.84785077849537
202.39999999999873,-27.92070064811091
202.49999999999872,3.4485907648708465
202.59999999999872,-9.763460274185903
202.6999999999987,12.652749081783234
202.7999999999987,-10.420402750502774
202.8999999999987,-4.612082508773145
202.9999999999987,8.513913861600102
203.0999999999987,-10.903069276658156
203.19999999999868,-11.33579846480844
203.29999999999868,31.555189101024467
203.39999999999867,56.13315104563777
203.49999999999866,26.65166951807812
203.59999999999866,-16.54560346651753
203.69999999999865,-0.605454632758327
203.79999999999865,-8.313974021921817
203.89999999999864,2.3559153525478815
203.99999999999864,10.152101562868275
204.09999999999863,0.20889454373111926
204.19999999999862,-4.8923089934746065
204.29999999999862,-0.29559940741627133
204.3999999999986,14.340963610701499
204.4999999999986,0.34905655101627864
204.5999999999986,-0.8012287597470169
204.6999999999986,-24.470432757593166
204.7999999999986,-15.61414896399136
204.89999999999858,-10.787723244757386
204.99999999999858,-3.7448039746769517
205.09999999999857,-15.80122685675186
205.19999999999857,-18.875480685534843
205.29999999999856,3.148290309893998
205.39999999999856,15.923680411104588
205.49999999999855,-9.714150258918064
205.59999999999854,1.5733569015343158
205.69999999999854,-17.658340651583693
205.79999999999853,-7.006984645727002
205.89999999999853,-8.079401210873026
205.99999999999852,3.7327685670590554
206.09999999999852,18.10703866761637
206.1999999999985,20.455854457334134
206.2999999999985,15.377531612778089
206.3999999999985,-35.396040993518696
206.4999999999985,127.76176846841108
206.5999999999985,348.21369723365933
206.69999999999848,120.70051983869439
206.79999999999848,-11.325867437018857
206.89999999999847,4.056177608286024
206.99999999999847,20.601724378595954
207.09999999999846,-28.217646220903557
207.19999999999845,7.781708849214713
207.29999999999845,-9.467796401383023
207.39999999999844,-7.314265964611084
207.49999999999844,-2.7505187664890864
207.59999999999843,1.0993453222643241
207.69999999999843,6.4722143143565365
207.79999999999842,-13.277633416032788
207.8999999999984,2.2387469762257237
207.9999999999984,-3.3173899696344624
208.0999999999984,-7.0819472358315005
208.1999999999984,-6.752594084047936
208.2999999999984,-10.787695120810755
208.39999999999839,-8.194535950710065
208.49999999999838,-10.31175872462034
208.59999999999837,0.033208521219028064
208.69999999999837,-14.627615018466305
208.79999999999836,-15.85494651285194
208.89999999999836,-6.567212967415849
208.99999999999835,-15.329091273404432
209.09999999999835,-26.226010573081794
209.19999999999834,-23.413993109944506
209.29999999999833,-11.851556898983722
209.39999999999833,-11.819492514785685
209.49999999999832,-8.315899059370317
209.59999999999832,10.610629406671698
209.6999999999983,-2.829129064158172
209.7999999999983,2.1168171184321305
209.8999999999983,15.917874736679215
209.9999999999983,3.375568246796964
210.0999999999983,-11.866014449207835
210.19999999999828,-1.8673560438940675
210.29999999999828,-4.1630273486674865
210.39999999999827,-9.04070757531996
210.49999999999827,-5.269277969612155
210.59999999999826,-13.138275947365171
210.69999999999825,-5.873515960306386
210.79999999999825,-9.742803133826204
210.89999999999824,8.46177316139672
210.99999999999824,23.304582910239006
211.09999999999823,15.412707315346765
211.19999999999823,-19.245319069963013
211.29999999999822,381.78936915394115
211.39999999999822,1031.2030478795916
211.4999999999982,210.78825911951103
211.5999999999982,29.765402831028467
211.6999999999982,5.191825488641923
211.7999999999982,10.443359936643354
211.8999999999982,6.955782672167906
211.99999999999818,282.2122159269055
212.09999999999818,336.70263918738334
212.19999999999817,4.1234673163616336
212.29999999999816,20.993778194458145
212.39999999999816,17.369535873128616
212.49999999999815,32.316008328308726
212.59999999999815,30.53587224690761
212.69999999999814,0.9148831800718897
212.79999999999814,-6.202664442132302
212.89999999999813,4.646444693074306
212.99999999999812,-2.6569857474203995
213.09999999999812,6.874647448566144
213.1999999999981,0.37530171403013496
213.2999999999981,-13.27077050068387
213.3999999999981,-1.101569653100971
213.4999999999981,-21.196385196063392
213.5999999999981,18.381492988630086
213.69999999999808,10.627912805535411
213.79999999999808,-22.40592011912378
213.89999999999807,-7.9453424858964325
213.99999999999807,-4.645091644813415
214.09999999999806,-2.924895733633199
214.19999999999806,9.122249811373083
214.29999999999805,42.52150051051264
214.39999999999804,-49.05964896764466
214.49999999999804,484.89108576034425
214.59999999999803,574.497496188901
214.69999999999803,116.22656176416712
214.79999999999802,5.233777612194915
214.89999999999802,18.373896562580732
214.999999999998,0.25136611081013605
215.099999999998,13.07224329700087
215.199999999998,-11.620967755632046
215.299999999998,14.253067551978573
215.399999999998,0.7973357560434844
215.49999999999798,-11.626702803889787
215.59999999999798,-7.235208611579805
215.69999999999797,-17.79031260806763
215.79999999999797,-0.40019143154932346
215.89999999999796,14.579098686565738
215.99999999999795,6.309605352549115
216.09999999999795,2.2375332574152553
216.19999999999794,-18.035734814368823
216.29999999999794,-1.405407518295501
216.39999999999793,25.891661660631357
216.49999999999793,-23.106966327274566
216.59999999999792,333.07825609374567
216.6999999999979,288.3335480393508
216.7999999999979,25.87593499932003
216.8999999999979,4.527963390309305
216.9999999999979,-2.9911851627549177
217.0999999999979,23.008944502204052
217.19999999999789,22.005118010823423
217.29999999999788,4.648455467309519
217.39999999999787,-28.470267160121406
217.49999999999787,2.0413934069712942
217.59999999999786,-12.08570200151259
217.69999999999786,-5.001772956703215
217.79999999999785,-18.847992663004923
217.89999999999785,-4.795852526519139
217.99999999999784,18.01036540761752
218.09999999999783,-6.82887169272658
218.19999999999783,-6.860499921465564
218.29999999999782,28.144099348542724
218.39999999999782,16.925409983682982
218.4999999999978,5.404469809691934
218.5999999999978,192.68657157779
218.6999999999978,575.4656954005234
218.7999999999978,2.0459891893106317
218.8999999999978,3.890607074513868
218.99999999999778,12.308517592543465
219.09999999999778,-5.676869769877996
219.19999999999777,-1.3599670105468546
219.29999999999777,-7.698407058361448
219.39999999999776,-19.329347250708377
219.49999999999775,7.210444434184736
219.59999999999775,-14.072659606699407
219.69999999999774,-2.495991084898699
219.79999999999774,-13.90538788552637
219.89999999999773,-11.372746481972564
219.99999999999773,5.569205531188318
220.09999999999772,-2.302012048858815
220.19999999999771,100.67811751870777
220.2999999999977,-1.2838962073406042
220.3999999999977,15.86816936139896
220.4999999999977,31.45244435084751
220.5999999999977,43.65860019578053
220.6999999999977,28.28581366144627
220.79999999999768,18.454537197500418
220.89999999999768,17.286402778302364
220.99999999999767,-16.700699822238086
221.09999999999766,8.258158722075864
221.19999999999766,13.004504736113054
221.29999999999765,-6.41037612129997
221.39999999999765,7.223908085151633
221.49999999999764,-16.771812401866185
221.59999999999764,-9.68924321515267
221.69999999999763,-2.7389500597849583
221.79999999999762,-3.080495329482738
221.89999999999762,11.298604005538493
221.9999999999976,-4.6561798612560645
222.0999999999976,-1.5639266204215614
222.1999999999976,14.768048619170488
222.2999999999976,4.641334210621014
222.3999999999976,19.275885398547434
222.49999999999758,5.219539961317912
222.59999999999758,15.798252386268608
222.69999999999757,24.586429745430483
222.79999999999757,-11.26129613126038
222.89999999999756,627.8077368668256
222.99999999999756,525.5348291837735
223.09999999999755,41.811270031170835
223.19999999999754,10.187863151857938
223.29999999999754,25.362829196476707
223.39999999999753,-12.041416942236022
223.49999999999753,6.032876161097153
223.59999999999752,8.183325847477201
223.69999999999752,23.27943972334498
223.7999999999975,9.023860836911465
223.8999999999975,23.68871030164152
223.9999999999975,36.34542536636592
224.0999999999975,35.24506896398456
224.1999999999975,18.420451343887805
224.29999999999748,37.074164742090574
224.39999999999748,46.48375216029539
224.49999999999747,188.2873428228594
224.59999999999746,1808.4426036970442
224.69999999999746,1082.735799515269
224.79999999999745,900.1488077697269
224.89999999999745,1037.9833092075676
224.99999999999744,159.28074773641166
225.09999999999744,84.23074625214716
225.19999999999743,21.582618209981973
225.29999999999742,113.61593332223266
225.39999999999742,39.49323660126733
225.4999999999974,20.82558417581668
225.5999999999974,43.11600543957379
225.6999999999974,27.432351316681167
225.7999999999974,8.414831140055243
225.8999999999974,19.55928942981179
225.99999999999739,11.160283451898856
226.09999999999738,21.53994671365615
226.19999999999737,-2.256418803010865
226.29999999999737,-2.2663538725583208
226.39999999999736,15.794758444013535
226.49999999999736,6.390051559193849
226.59999999999735,6.4145497038760695
226.69999999999735,1.3537214674785367
226.79999999999734,13.22599552566203
226.89999999999733,34.639615367944295
226.99999999999733,20.58787125998833
227.09999999999732,9.145294989906267
227.19999999999732,24.268475998240117
227.2999999999973,16.185946760699775
227.3999999999973,39.44511455836813
227.4999999999973,78.91292719005068
227.5999999999973,22.761692580326446
227.6999999999973,34.605678755219245
227.79999999999728,-1.6508767103219917
227.89999999999728,286.5423535841847
227.99999999999727,859.879825886179
228.09999999999727,195.21456730242295
228.19999999999726,-9.39755321729633
228.29999999999725,26.25910054243467
228.39999999999725,-11.244086728912254
228.49999999999724,27.977438370161714
228.59999999999724,5.809951241211751
228.69999999999723,21.027074420043274
228.79999999999723,5.54840426383888
228.89999999999722,1.1459307661910756
228.99999999999721,-4.355229766185627
229.0999999999972,-13.494158710796349
229.1999999999972,11.229116058681413
229.2999999999972,12.073190565403165
229.3999999999972,-1.9133737908416524
229.4999999999972,13.763689803047821
229.59999999999718,3.034385991432013
229.69999999999717,1.3535151581455194
229.79999999999717,24.36740203641891
229.89999999999716,4.189573984098194
229.99999999999716,16.97416291756342
230.09999999999715,-4.193943694384912
230.19999999999715,2.105538029239787
230.29999999999714,12.307826414100683
230.39999999999714,23.14781424288612
230.49999999999713,6.37148981923374
230.59999999999712,3.7154347870695306
230.69999999999712,44.041159863674125
230.7999999999971,57.55446486807658
230.8999999999971,472.83944471471585
230.9999999999971,406.5946602703908
231.0999999999971,161.09075366668665
231.1999999999971,107.7637560262175
231.29999999999708,157.48444741413
231.39999999999708,87.49350586465091
231.49999999999707,49.99336846459971
231.59999999999707,281.0596164179934
231.69999999999706,1023.9059246180761
231.79999999999706,226.22673178676524
231.89999999999705,288.23667576512247
231.99999999999704,1184.2275178227826
232.09999999999704,680.8186251816787
232.19999999999703,44.08825503632721
232.29999999999703,-14.12224458227908
232.39999999999702,763.4748254776323
232.49999999999702,822.1177432297055
232.599999999997,192.74756681022242
232.699999999997,27.23341049302536
232.799999999997,48.42306279691015
232.899999999997,12.610151149825773
232.999999999997,118.03369898530326
233.09999999999698,943.2771526316789
233.19999999999698,598.8965065714822
233.29999999999697,-32.47722525258339
233.39999999999696,38.6468104225132
233.49999999999696,27.71079355289657
233.59999999999695,20.062017238099383
233.69999999999695,23.375406798888434
233.79999999999694,15.250323581332307
233.89999999999694,16.729815571031676
233.99999999999693,5.944467445543566
234.09999999999692,-7.810429159284788
234.19999999999692,28.36687782136351
234.2999999999969,7.531610800653659
234.3999999999969,30.860472246909396
234.4999999999969,19.75494083973807
234.5999999999969,9.710993436720134
234.6999999999969,-9.045450759094477
234.79999999999688,18.29161910619682
234.89999999999688,10.537625666102324
234.99999999999687,15.074652712998297
235.09999999999687,22.491402712691052
235.19999999999686,12.245695314767843
235.29999999999686,4.316888199470862
235.39999999999685,30.62263493552887
235.49999999999685,20.276479481494988
235.59999999999684,44.18240276162956
235.69999999999683,191.1707094476282
235.79999999999683,747.9348232208554
235.89999999999682,159.8898414013158
235.99999999999682,70.03880431013614
236.0999999999968,44.672415004010254
236.1999999999968,56.962716831758584
236.2999999999968,65.09424588935266
236.3999999999968,87.09059989636171
236.4999999999968,50.26225407111161
236.59999999999678,52.295453865647026
236.69999999999678,48.25097095911508
236.79999999999677,50.62356306908898
236.89999999999677,39.9631005082269
236.99999999999676,86.79545378271999
237.09999999999675,127.56476704724118
237.19999999999675,147.52243359628378
237.29999999999674,239.14052453427416
237.39999999999674,437.3335304979498
237.49999999999673,584.3477673513302
237.59999999999673,409.55323247071027
237.69999999999672,224.1168034362268
237.79999999999671,133.85010383236133
237.8999999999967,98.18912480126806
237.9999999999967,82.2109353365139
238.0999999999967,74.02113185779865
238.1999999999967,56.86333353242352
238.2999999999967,77.31450040213281
238.39999999999668,48.41263197014162
238.49999999999667,39.60218000317662
238.59999999999667,52.717343491537385
238.69999999999666,47.12463666885555
238.79999999999666,54.80147312620019
238.89999999999665,3.790731688781129
238.99999999999665,59.30752470284934
239.09999999999664,49.91648535188397
239.19999999999663,35.639188779712185
239.29999999999663,41.54381573425921
239.39999999999662,32.070339347311695
239.49999999999662,11.969574983569377
239.5999999999966,43.0397896410321
239.6999999999966,48.878082444372374
239.7999999999966,29.205342120992107
239.8999999999966,35.31410706415265
239.9999999999966,16.76973174475899
240.09999999999658,32.065440721631575
240.19999999999658,26.08155313661223
240.29999999999657,33.92384486743175
240.39999999999657,13.821500985119595
240.49999999999656,55.931615625835576
240.59999999999656,22.922390957123437
240.69999999999655,36.833914027793114
240.79999999999654,35.1344146984628
240.89999999999654,49.96615953166131
240.99999999999653,95.81803583605164
241.09999999999653,897.8431393078716
241.19999999999652,762.346296372904
241.29999999999652,1659.7389540947506
241.3999999999965,586.4302103545575
241.4999999999965,16.809627188316142
241.5999999999965,47.06906005894528
241.6999999999965,25.897868167573492
241.7999999999965,23.471468332500134
241.89999999999648,64.91071341948573
241.99999999999648,118.177819208458
242.09999999999647,46.35943761721219
242.19999999999646,58.28073319166579
242.29999999999646,7.863722732232201
242.39999999999645,13.274050350446803
242.49999999999645,30.11892004239607
242.59999999999644,9.92433969501397
242.69999999999644,62.67283423466786
242.79999999999643,27.998162692208684
242.89999999999642,149.29836573596614
242.99999999999642,125.63558413907957
243.0999999999964,21.734859542467518
243.1999999999964,30.157541443340833
243.2999999999964,32.0069982092821
243.3999999999964,24.760048454176818
243.4999999999964,43.96752258930654
243.59999999999638,27.672233185807364
243.69999999999638,939.0488231751618
243.79999999999637,1796.7028888689217
243.89999999999637,31.63872369274074
243.99999999999636,75.13461539277732
244.09999999999636,18.605724000148108
244.19999999999635,22.206932522407467
244.29999999999634,32.55626415293416
244.39999999999634,49.9603516594044
244.49999999999633,50.871613598368164
244.59999999999633,56.921234542839265
244.69999999999632,342.4670829891453
244.79999999999632,985.1035865197989
244.8999999999963,44.041014968280706
244.9999999999963,13.246384662763681
245.0999999999963,21.147749254341203
245.1999999999963,42.331086705331
245.2999999999963,108.9249579349905
245.39999999999628,88.04824983439795
245.49999999999628,15.534423483205124
245.59999999999627,-6.132666306491727
245.69999999999627,30.347208245612762
245.79999999999626,-17.04329330986942
245.89999999999625,17.79209904974123
245.99999999999625,64.96547994392347
246.09999999999624,29.68529706139621
246.19999999999624,61.79971930006777
246.29999999999623,1.4574134862681785
246.39999999999623,16.421876182302732
246.49999999999622,-4.509801764228444
246.59999999999621,1.9862240556037873
246.6999999999962,14.560517430722186
246.7999999999962,12.508386188061138
246.8999999999962,6.353232929085411
246.9999999999962,3.226369762210425
247.0999999999962,10.81994761275381
247.19999999999618,18.66057652871848
247.29999999999617,272.4308582225865
247.39999999999617,680.8583052838011
247.49999999999616,-32.80253443362777
247.59999999999616,45.70368544958531
247.69999999999615,71.83053806671255
247.79999999999615,68.4275501659206
247.89999999999614,9.514394231811483
247.99999999999613,45.74602258647977
248.09999999999613,21.503606851982557
248.19999999999612,10.091892614477688
248.29999999999612,32.425780884937474
248.3999999999961,-5.031223251388925
248.4999999999961,-0.18354839711474238
248.5999999999961,32.40356328913093
248.6999999999961,-1.9045515700168547
248.7999999999961,19.60515682799806
248.89999999999608,-0.5359247308195263
248.99999999999608,3.3805727042741593
249.09999999999607,23.009992277471078
249.19999999999607,-13.792110384782678
249.29999999999606,19.824908542219994
249.39999999999606,-8.279801618347905
249.49999999999605,15.436565698834148
249.59999999999604,10.005871002382605
249.69999999999604,1.749638089227957
249.79999999999603,21.760572572278083
249.89999999999603,-10.363319268615788
249.99999999999602,-3.8956606993548633
250.09999999999602,2.448333950972483
250.199999999996,20.50796805478359
250.299999999996,6.7825099575665115
250.399999999996,9.231834148932698
250.499999999996,4.683671748388059
250.599999999996,198.18899025737835
250.69999999999598,180.3819443685754
250.79999999999598,18.741279343442805
250.89999999999597,3.2024945499760147
250.99999999999596,9.312200708670773
251.09999999999596,10.52906795192899
251.19999999999595,8.140774721750763
251.29999999999595,-1.1345302214557442
251.39999999999594,0.47973592310803737
251.49999999999594,20.103838790699303
251.59999999999593,8.991629379241928
251.69999999999592,19.677763338178185
251.79999999999592,-5.70026087514093
251.8999999999959,19.872449474021476
251.9999999999959,-0.4483235960549483
252.0999999999959,2.773710192273423
252.1999999999959,1.0586879020623214
252.2999999999959,-16.216948211489154
252.39999999999588,-3.658518876804208
252.49999999999588,-2.0639425395931963
252.59999999999587,-0.2065780411271124
252.69999999999587,-0.9480615109734032
252.79999999999586,-6.865818817610007
252.89999999999586,-0.7872755025230634
252.99999999999585,0.18999949542742917
253.09999999999584,1.0655053895215436
253.19999999999584,4.991047151003404
253.29999999999583,-8.566645295671307
253.39999999999583,23.678202773787568
253.49999999999582,113.44682227838862
253.59999999999582,61.28880625772013
253.6999999999958,-3.836548341882838
253.7999999999958,20.91653709612727
253.8999999999958,-11.610814726504444
253.9999999999958,20.720816350683318
254.0999999999958,8.891864664682915
254.19999999999578,5.29373045143968
254.29999999999578,-27.38714066702386
254.39999999999577,-14.2721410200195
254.49999999999577,-5.228993159315675
254.59999999999576,9.907731804163799
254.69999999999575,6.99915621548752
254.79999999999575,-15.764919507394206
254.89999999999574,-30.905131409659724
254.99999999999574,-15.409345977794041
255.09999999999573,21.768278098675726
255.19999999999573,-24.634889608876584
255.29999999999572,15.890148402820943
255.3999999999957,3.547252367060577
255.4999999999957,9.051446277824557
255.5999999999957,-2.83100971550261
255.6999999999957,-16.326935372370023
255.7999999999957,7.391505562323365
255.89999999999569,-4.398170496511121
255.99999999999568,-10.825199176965913
256.0999999999957,2.539507619606421
256.1999999999957,-3.634578642827894
256.29999999999575,-8.272738018767994
256.39999999999577,-12.98731808244181
256.4999999999958,-4.908210053217514
256.5999999999958,-2.474850418987132
256.69999999999584,11.509429340007246
256.79999999999586,4.35260475180883
256.8999999999959,-9.0404681150994
256.9999999999959,-0.7161512186908636
257.09999999999593,11.23501492750098
257.19999999999595,19.899729742265215
257.299999999996,-4.062087467607547
257.399999999996,-17.37056878970934
257.499999999996,5.732818549484003
257.59999999999604,18.422404195343027
257.69999999999607,4.56019508691895
257.7999999999961,7.769482989375912
257.8999999999961,-0.3244086011862173
257.99999999999613,45.40946015651678
258.09999999999616,53.6751759732752
258.1999999999962,14.16265257618406
258.2999999999962,-16.94768907214563
258.3999999999962,-11.548079374038446
258.49999999999625,33.597416950420595
258.59999999999627,0.09575988453991657
258.6999999999963,-13.563313683309971
258.7999999999963,3.8088770281938893
258.89999999999634,14.781877372077663
258.99999999999636,-12.09623538194022
259.0999999999964,-18.70791745199784
259.1999999999964,2.7063537171941214
259.29999999999643,-14.079118547560222
259.39999999999645,3.6010758045902795
259.4999999999965,22.191453013814563
259.5999999999965,12.985141887245272
259.6999999999965,-3.8212662552498755
259.79999999999654,-7.108584448008168
259.89999999999657,24.570323885748863
259.9999999999966,1.1848514837491797
260.0999999999966,-13.630069988548554
260.19999999999663,-5.813183085684591
260.29999999999666,1.201538800446671
260.3999999999967,-12.556970026178108
260.4999999999967,5.435283301682074
260.5999999999967,36.53764827678317
260.69999999999675,4.869553659635502
260.79999999999677,9.522702088476995
260.8999999999968,8.53891735735597
260.9999999999968,11.213654680591624
261.09999999999684,-7.4393715853119815
261.19999999999686,3.6727931289669327
261.2999999999969,-15.876956686023874
261.3999999999969,-15.424472669884928
261.49999999999693,23.558048298534423
261.59999999999695,-18.692177901247344
261.699999999997,10.97362414121095
261.799999999997,11.214365802667473
261.899999999997,9.040226807418579
261.99999999999704,13.012232801834289
262.09999999999707,-7.985630834797737
262.1999999999971,1.8061303916049716
262.2999999999971,-18.074866162829107
262.39999999999714,-3.9146934626777896
262.49999999999716,6.587309724689285
262.5999999999972,13.431195364376316
262.6999999999972,-1.548640133905534
262.7999999999972,-4.465821144955031
262.89999999999725,3.738209306528413
262.99999999999727,-4.6454088920811625
263.0999999999973,11.900548170849714
263.1999999999973,-20.245869413417815
263.29999999999734,14.166444673690032
263.39999999999736,1.8867167916776282
263.4999999999974,13.281007818417544
263.5999999999974,-6.518368916856416
263.69999999999743,-8.674723059987693
263.79999999999745,-11.987792842641687
263.8999999999975,-8.69273630584417
263.9999999999975,-19.18723940850005
264.0999999999975,-3.013567135838497
264.19999999999754,-3.9253517464220753
264.29999999999757,-6.310687237418192
264.3999999999976,16.127739017293187
264.4999999999976,-4.321007884605018
264.59999999999764,-14.386999227555073
264.69999999999766,9.119017648025379
264.7999999999977,15.273665722563766
264.8999999999977,-14.79698896219529
264.9999999999977,-9.197947740892808
265.09999999999775,11.34873113640965
265.1999999999978,-31.61990313132248
265.2999999999978,27.82230882208826
265.3999999999978,5.92976129891061
265.49999999999784,1.4534117422947792
265.59999999999786,-6.812446783323267
265.6999999999979,-11.6572190550496
265.7999999999979,3.5652651511387727
265.89999999999793,-6.2252664363070895
265.99999999999795,141.52125784322044
266.099999999998,78.3554991779602
266.199999999998,11.90718470467152
266.299999999998,16.793589659458444
266.39999999999804,-13.91321985687677
266.49999999999807,-7.121198952531414
266.5999999999981,5.0105729496103955
266.6999999999981,-0.21034612887324622
266.79999999999814,11.956264104314918
266.89999999999816,-3.608885508732174
266.9999999999982,-13.073073241963792
267.0999999999982,5.651032805632727
267.1999999999982,5.0921436302263
267.29999999999825,3.4098481595570176
267.3999999999983,-31.521919563220237
267.4999999999983,9.419955675359923
267.5999999999983,5.574918239664036
267.69999999999834,-8.101093077423785
267.79999999999836,-19.756009973223186
267.8999999999984,-17.018198694280553
267.9999999999984,18.670392333794837
268.09999999999843,12.70934526236371
268.19999999999845,12.171720613576651
268.2999999999985,19.178497823543957
268.3999999999985,-4.680304077439365
268.4999999999985,0.4297025300969579
268.59999999999854,-3.7106184217109144
268.69999999999857,11.979436890185172
268.7999999999986,4.708188729807281
268.8999999999986,8.324998624693404
268.99999999999864,-0.15350948403106957
269.09999999999866,-9.365219012628419
269.1999999999987,-1.1006494686461752
269.2999999999987,2.6630221416585935
269.3999999999987,-12.10690457300169
269.49999999999875,12.560240481132919
269.5999999999988,-5.5814286233431885
269.6999999999988,6.302435688248803
269.7999999999988,4.524408530804061
269.89999999999884,-25.409024288701985
269.99999999999886,15.57946946392601
270.0999999999989,-40.59687553500013
270.1999999999989,-2.3223510109543506
270.29999999999893,13.11754313758411
270.39999999999895,-0.31838605355272986
270.499999999999,9.37688651432397
270.599999999999,-2.0658441352459405
270.699999999999,8.708892540946676
270.79999999999905,-3.602629818509622
270.89999999999907,-8.717207434770204
270.9999999999991,7.442123353238464
271.0999999999991,25.61462780846954
271.19999999999914,125.4278238817426
271.29999999999916,27.834470538626213
271.3999999999992,8.094407510197337
271.4999999999992,9.943528608419172
271.5999999999992,-1.8452120156156744
271.69999999999925,-9.694484579724946
271.7999999999993,-3.625377053450652
271.8999999999993,11.956006397675685
271.9999999999993,-16.28547488728505
272.09999999999934,52.454811230414975
272.19999999999936,27.844497658473855
272.2999999999994,6.492825825627046
272.3999999999994,3.943783020736903
272.49999999999943,6.002207511104471
272.59999999999945,-3.880318878252014
272.6999999999995,12.731983161609175
272.7999999999995,-3.8330038972070737
272.8999999999995,13.24099178086496
272.99999999999955,-11.571833604885448
273.09999999999957,0.6476644774771705
273.1999999999996,3.145537079041153
273.2999999999996,-6.67454164119815
273.39999999999964,-13.998911748945627
273.49999999999966,-0.10659229205964271
273.5999999999997,-4.8750794687256604
273.6999999999997,0.7341257126750362
273.7999999999997,-11.60882484658309
273.89999999999975,10.272822755770292
273.9999999999998,-1.173987880130086
274.0999999999998,-22.945645058579007
274.1999999999998,-14.32172344055116
274.29999999999984,21.728574801896045
274.39999999999986,13.34797571548928
274.4999999999999,-4.51332403884607
274.5999999999999,24.446493798144626
274.69999999999993,-9.605260341750784
274.79999999999995,-5.219446677804855
274.9,-5.132065433017296
275.0,4.38318703863246
275.1,-12.406801908778604
275.20000000000005,-21.30479640884487
275.30000000000007,0.5000843542161411
275.4000000000001,-12.609134104402433
275.5000000000001,13.932598174319631
275.60000000000014,57.0972215522314
275.70000000000016,20.969684787043686
275.8000000000002,26.666434733583916
275.9000000000002,6.31308813853062
276.0000000000002,-0.6609088290490746
276.10000000000025,3.086991931612948
276.2000000000003,15.502887048985851
276.3000000000003,-15.222983369803915
276.4000000000003,-20.855984123597466
276.50000000000034,-14.98482512137436
276.60000000000036,-4.754381119014614
276.7000000000004,212.0365056858767
276.8000000000004,202.06863264939307
276.90000000000043,-2.6209465875608444
277.00000000000045,6.658453944046453
277.1000000000005,-18.37853160135301
277.2000000000005,22.041356227938426
277.3000000000005,-28.11473716554459
277.40000000000055,11.609827515271629
277.50000000000057,0.9850473601537164
277.6000000000006,-22.99208961073133
277.7000000000006,-11.710654096193023
277.80000000000064,-11.318295086393286
277.90000000000066,-17.723606818469285
278.0000000000007,-15.376511919221512
278.1000000000007,2.3687592047570196
278.2000000000007,-15.935572728457858
278.30000000000075,4.345545241387799
278.4000000000008,15.085710960687006
278.5000000000008,6.6361636705589575
278.6000000000008,-7.386475686208017
278.70000000000084,-10.467797833265374
278.80000000000086,-13.313598738545256
278.9000000000009,5.971516811364208
279.0000000000009,7.753923286296387
279.10000000000093,-15.884659563709738
279.20000000000095,-19.6163285057481
279.300000000001,4.944909073496028
279.400000000001,-1.2611627139346084
279.500000000001,26.055028191246958
279.60000000000105,48.64577519008555
279.70000000000107,-11.721935301757965
279.8000000000011,1.122663605757425
279.9000000000011,14.04291010903478
280.00000000000114,11.411198735578282
280.10000000000116,-9.063841811953086
280.2000000000012,3.83043447586732
280.3000000000012,7.780538100285323
280.4000000000012,-8.79597085867211
280.50000000000125,-10.91698987307374
280.6000000000013,1.8741877956204296
280.7000000000013,-7.062032911965165
280.8000000000013,-13.431700832045827
280.90000000000134,5.3164619316348
281.00000000000136,15.778141583317637
281.1000000000014,4.614582780401521
281.2000000000014,1.4583245648613166
281.30000000000143,-2.041500424269765
281.40000000000146,-16.067385034046083
281.5000000000015,12.293334302503547
281.6000000000015,28.407821419075685
281.7000000000015,-2.7549571549085967
281.80000000000155,-3.8732990614050835
281.90000000000157,-7.855629804925426
282.0000000000016,7.996689739295878
282.1000000000016,-21.186078343563867
282.20000000000164,2.355464325344753
282.30000000000166,26.79973419156011
282.4000000000017,35.1970090178984
282.5000000000017,17.77119332780236
282.6000000000017,-0.7422290884585818
282.70000000000175,2.331840488036129
282.8000000000018,-8.382538212615053
282.9000000000018,-9.513700322264604
283.0000000000018,-17.634063779045135
283.10000000000184,2.593195465173676
283.20000000000186,3.879848404448085
283.3000000000019,-4.480033159401261
283.4000000000019,0.38599871391290375
283.50000000000193,13.604881611798406
283.60000000000196,-38.6017583009388
283.700000000002,2.093656430235038
283.800000000002,-1.4784038529331227
283.900000000002,-6.49258033778479
284.00000000000205,7.741211324991428
284.10000000000207,-1.7309133356139306
284.2000000000021,1.792664794384663
284.3000000000021,-7.288325055929073
284.40000000000214,9.344066272519878
284.50000000000216,-22.000499829325445
284.6000000000022,0.5975593903546773
284.7000000000022,-9.830207390676447
284.8000000000022,4.574159712595748
284.90000000000225,-4.362273309913543
285.0000000000023,-14.317752333616896
285.1000000000023,-1.960680694510636
285.2000000000023,-0.2089823182601922
285.30000000000234,-36.60836669287077
285.40000000000236,32.11388829992654
285.5000000000024,-1.706581968480897
285.6000000000024,-3.827691169098754
285.70000000000243,-13.868265103160887
285.80000000000246,-4.883396757734476
285.9000000000025,-10.472930921098877
286.0000000000025,-2.5319066290782195
286.1000000000025,-24.951246965508698
286.20000000000255,-1.6306310993995017
286.30000000000257,-12.698142669964385
286.4000000000026,4.539417598511616
286.5000000000026,-10.86400480095594
286.60000000000264,-3.4095864500792636
286.70000000000266,4.987357204061951
286.8000000000027,2.9943728862985255
286.9000000000027,10.019479698091905
287.00000000000273,-4.6976996882467095
287.10000000000275,1.1548594276341198
287.2000000000028,-27.143430473764376
287.3000000000028,9.454766175162952
287.4000000000028,20.249355763883162
287.50000000000284,-10.926938432411777
287.60000000000286,-18.812318291278764
287.7000000000029,7.981928343735647
287.8000000000029,-2.589648678417234
287.90000000000293,-5.12162148646977
288.00000000000296,-15.198498806414708
288.100000000003,9.507146377776701
288.200000000003,0.5945212228540907
288.300000000003,-13.816884680719511
288.40000000000305,-8.688506863552021
288.50000000000307,5.547817374468803
288.6000000000031,-13.212946077151834
288.7000000000031,-5.808471143730605
288.80000000000314,3.278735457307242
288.90000000000316,-21.715875944584
289.0000000000032,19.115867855388736
289.1000000000032,-4.718554238803235
289.20000000000323,21.658534907447823
289.30000000000325,-12.573734090832719
289.4000000000033,3.609113042102326
289.5000000000033,3.1222239268470964
289.6000000000033,27.230901627042133
289.70000000000334,10.514306719847706
289.80000000000337,-7.5524121242727995
289.9000000000034,23.712581002377153
290.0000000000034,-13.906325044235917
290.10000000000343,13.825135767047309
290.20000000000346,18.17665031492442
290.3000000000035,11.29883900711377
290.4000000000035,-1.2006442196740532
290.5000000000035,-4.497320975561522
290.60000000000355,-10.027769730070421
290.70000000000357,0.48050805533979535
290.8000000000036,-14.373281677266194
290.9000000000036,0.7256298433091084
291.00000000000364,-1.3748201565562739
291.10000000000366,-19.100270609886113
291.2000000000037,-10.15691607867314
291.3000000000037,-1.4228651401815888
291.40000000000373,-4.021524923456807
291.50000000000375,4.915031321774151
291.6000000000038,-28.83418624046347
291.7000000000038,2.6506811703664375
291.8000000000038,1.9732629253509377
291.90000000000384,-14.883023051180515
292.00000000000387,0.8595266351730109
292.1000000000039,1.183914481313681
292.2000000000039,3.0687998936040697
292.30000000000393,5.308976174682226
292.40000000000396,5.015170480732347
292.500000000004,8.03150540798646
292.600000000004,-10.062076779802926
292.700000000004,-6.6572486344594335
292.80000000000405,15.946462655646018
292.90000000000407,41.75798323529036
293.0000000000041,31.515671883178797
293.1000000000041,-17.660685919745198
293.20000000000414,12.00182958526489
293.30000000000416,12.191995199660523
293.4000000000042,37.72519087746814
293.5000000000042,15.298382185520419
293.60000000000423,-8.535622599743839
293.70000000000425,12.861477205294712
293.8000000000043,-7.226209458999869
293.9000000000043,7.292911696432572
294.0000000000043,-2.6507114822165874
294.10000000000434,-29.531198398091583
294.20000000000437,-6.096060499078996
294.3000000000044,-8.982712868563242
294.4000000000044,-5.584291975848592
294.50000000000443,21.41753249505379
294.60000000000446,3.8218993419459366
294.7000000000045,-15.526846483133102
294.8000000000045,-19.78025703601405
294.9000000000045,-0.4644875168930296
295.00000000000455,-2.8919064932472653
295.10000000000457,-17.952732508138087
295.2000000000046,-19.748592489311612
295.3000000000046,-2.8830978268374423
295.40000000000464,-3.989350303844224
295.50000000000466,-0.8732063678916053
295.6000000000047,-11.623203473450188
295.7000000000047,11.408153245271496
295.80000000000473,-2.198968847633278
295.90000000000475,-2.4114703340168493
296.0000000000048,-25.64086479155624
296.1000000000048,-4.298191109981124
296.2000000000048,-14.979154534076025
296.30000000000484,14.374380072494652
296.40000000000487,14.875623193758276
296.5000000000049,-6.84986577260093
296.6000000000049,5.466764462490607
296.70000000000493,18.2024262106716
296.80000000000496,9.49562624638295
296.900000000005,-14.855247391420114
297.000000000005,-11.542895924426563
297.100000000005,-5.830777828407633
297.20000000000505,-5.645045796612546
297.30000000000507,-38.65773637927138
297.4000000000051,10.250203242215886
297.5000000000051,14.172734094264227
297.60000000000514,-7.282735122971117
297.70000000000516,-4.199330652872508
297.8000000000052,-15.891386980081093
297.9000000000052,8.977381628705023
298.00000000000523,13.978982542815105
298.10000000000525,-13.610644372008215
298.2000000000053,-3.584479137929021
298.3000000000053,11.676874991859277
298.4000000000053,2.242123794248781
298.50000000000534,-14.521642922324808
298.60000000000537,5.335827385088978
298.7000000000054,-30.51213204585655
298.8000000000054,1.5678456373394218
298.90000000000543,-1.2623461692839115
299.00000000000546,-4.0214512136003595
299.1000000000055,11.400947158846149
299.2000000000055,5.141043757603211
299.3000000000055,5.289037064503762
299.40000000000555,1.3253700446214174
299.50000000000557,1.303569706072997
299.6000000000056,8.136085889906678
299.7000000000056,8.827665000119294
299.80000000000564,5.354869179418904
299.90000000000566,-15.838685897252526
300.0000000000057,-12.711316719884165
300.1000000000057,-14.259158891238508
300.20000000000573,9.96013172539629
300.30000000000575,-13.0760121313065
300.4000000000058,8.619486378483238
300.5000000000058,-11.52914085906643
300.6000000000058,-1.2509993505462624
300.70000000000584,-0.9069860752092633
300.80000000000587,-3.4820709290021745
300.9000000000059,-7.116364219481002
301.0000000000059,-13.506137630357342
301.10000000000593,-4.411678100504385
301.20000000000596,-6.785255557866007
301.300000000006,-13.70760668970257
301.400000000006,18.134064805853182
301.500000000006,-12.708840999628226
301.60000000000605,-9.913060120337652
301.70000000000607,-9.272578602114066
301.8000000000061,5.613254967029046
301.9000000000061,-15.9957820351999
302.00000000000614,-19.612250865259696
302.10000000000616,13.334202467415059
302.2000000000062,-10.589501841769545
302.3000000000062,10.576119875199112
302.40000000000623,-22.151206136693382
302.50000000000625,6.33100551952316
302.6000000000063,1.1278207846906092
302.7000000000063,-20.438491938275856
302.8000000000063,5.629664491394411
302.90000000000634,-7.782060554387618
303.00000000000637,-1.165230753218626
303.1000000000064,2.4224610174322683
303.2000000000064,-12.625825993048794
303.30000000000643,-8.915287038626854
303.40000000000646,-24.57969422359775
303.5000000000065,-9.571514520021468
303.6000000000065,-17.018460428522072
303.7000000000065,2.4223874421884277
303.80000000000655,-8.817637905173221
303.90000000000657,-26.207818135784166
304.0000000000066,10.897450572671628
304.1000000000066,-8.229286355577822
304.20000000000664,-10.810097937050548
304.30000000000666,-3.488031981653359
304.4000000000067,-20.5348056971266
304.5000000000067,-9.030935835067268
304.60000000000673,20.27116989884376
304.70000000000675,-2.8329711313007784
304.8000000000068,-10.906049902271562
304.9000000000068,4.941513025473039
305.0000000000068,-3.1494883562163354
305.10000000000684,0.5882255495228942
305.20000000000687,4.96238994940126
305.3000000000069,-22.35844256177539
305.4000000000069,0.31074937244916434
305.50000000000693,-14.070089606563307
305.60000000000696,1.5689399423813284
305.700000000007,-23.362754702229054
305.800000000007,24.336247924152758
305.900000000007,7.0497432160364255
306.00000000000705,-17.742847321338065
306.10000000000707,12.080317666014896
306.2000000000071,-17.504265507563876
306.3000000000071,3.8318680286191498
306.40000000000714,-17.877077853464602
306.50000000000716,4.944996867646395
306.6000000000072,-4.319895119017529
306.7000000000072,-5.055915262957963
306.80000000000723,-2.240130237926631
306.90000000000725,-16.415961946256985
307.0000000000073,0.29212876509738406
307.1000000000073,-6.0943068724594704
307.2000000000073,0.9802069426767686
307.30000000000734,-15.61143109233977
307.40000000000737,2.7844417181677317
307.5000000000074,10.008383610176217
307.6000000000074,0.032299617653443136
307.70000000000744,4.156290879352602
307.80000000000746,5.39700167785659
307.9000000000075,7.426499268952611
308.0000000000075,-2.2811577938481187
308.1000000000075,-9.72251461258039
308.20000000000755,-13.849850837475993
308.30000000000757,-27.17100395060641
308.4000000000076,-0.9436564666185543
308.5000000000076,-1.2984745955813772
308.60000000000764,-5.2778755597345475
308.70000000000766,-11.945947281621997
308.8000000000077,6.710688568637069
308.9000000000077,-6.480258229975995
309.00000000000773,-28.202446014007414
309.10000000000775,6.158919831233676
309.2000000000078,4.196254779157732
309.3000000000078,5.6103034740716575
309.4000000000078,-7.576881956616974
309.50000000000784,-21.661646595010318
309.60000000000787,8.438374141143756
309.7000000000079,7.539429990506369
309.8000000000079,0.6942199800554218
309.90000000000794,-17.99386257110454
310.00000000000796,6.818087141777552
310.100000000008,-16.13306764503476
310.200000000008,15.227538475535939
310.300000000008,-0.6133441628730687
310.40000000000805,-6.967775344383775
310.5000000000081,-12.076250066398124
310.6000000000081,-2.577673897509644
310.7000000000081,-2.789394082161666
310.80000000000814,-9.40709000401281
310.90000000000816,-4.004945738412591
311.0000000000082,12.80349533289934
311.1000000000082,19.52020245243468
311.20000000000823,0.8790099780533285
311.30000000000825,-4.196773709927684
311.4000000000083,-24.637925603340346
311.5000000000083,-27.47634828965202
311.6000000000083,18.364805963658497
311.70000000000834,-32.00129917461287
311.80000000000837,33.7455431876841
311.9000000000084,13.797650073851067
312.0000000000084,-15.065668957885729
312.10000000000844,-9.71244637798713
312.20000000000846,-6.35694352351891
312.3000000000085,14.285773882773865
312.4000000000085,-23.229731892461427
312.5000000000085,-3.9133073017326474
312.60000000000855,0.6070513015944876
312.7000000000086,-9.353655959203808
312.8000000000086,-16.39648398838585
312.9000000000086,-1.9695250401471016
313.00000000000864,-13.653395944507604
313.10000000000866,12.477951768784385
313.2000000000087,1.256368701231644
313.3000000000087,-9.89560924944222
313.40000000000873,-2.329822944277762
313.50000000000875,-3.2826558753170825
313.6000000000088,-8.56108641677635
313.7000000000088,3.972008322668719
313.8000000000088,-0.9268348983668447
313.90000000000884,1.635620472079883
314.00000000000887,18.697570820882767
314.1000000000089,-19.336925423273435
314.2000000000089,11.599814668398858
314.30000000000894,10.911114437587086
314.40000000000896,-8.929333700903092
314.500000000009,-14.288016239680639
314.600000000009,5.142786048939236
314.700000000009,-11.527451490571341
314.80000000000905,5.141435346869989
314.9000000000091,8.398523888874701
315.0000000000091,-0.22107268923647294
315.1000000000091,4.5136706029184195
315.20000000000914,-16.01813114467541
315.30000000000916,-13.21745992718716
315.4000000000092,3.483317147363291
315.5000000000092,-0.2878700435474475
315.60000000000923,3.569084704960395
315.70000000000925,-6.82377437625423
315.8000000000093,14.662919900034323
315.9000000000093,-2.301956708065708
316.0000000000093,-0.4072452529024423
316.10000000000935,9.31688100433381
316.20000000000937,-15.603874131844695
316.3000000000094,-2.4003774657144628
316.4000000000094,1.2888895324903522
316.50000000000944,2.332378441642847
316.60000000000946,-7.898676140680946
316.7000000000095,-17.988951033312652
316.8000000000095,-4.460471269335756
316.9000000000095,15.577036565675751
317.00000000000955,-23.833118737755346
317.1000000000096,-1.4519467501635135
317.2000000000096,-10.44151753145662
317.3000000000096,-0.8356319489841435
317.40000000000964,-18.309636657054973
317.50000000000966,0.603637780969644
317.6000000000097,-22.76294307133
317.7000000000097,16.036007848550174
317.80000000000973,-17.487058895401894
317.90000000000975,16.416193614689927
318.0000000000098,-2.1949721299803597
318.1000000000098,13.040110486996406
318.2000000000098,-23.44458954587476
318.30000000000985,15.191592237626583
318.40000000000987,-1.9234868887785996
318.5000000000099,-0.9751813103096743
318.6000000000099,11.913762526579683
318.70000000000994,9.463617602233306
318.80000000000996,4.875271711190541
318.90000000001,11.506596012308941
319.00000000001,-16.201109978898693
319.10000000001,-19.415000020533196
319.20000000001005,17.398023193540435
319.3000000000101,-26.579961695691694
319.4000000000101,-11.522347660926
319.5000000000101,11.988732421273463
319.60000000001014,15.320215846270958
319.70000000001016,10.616053791593977
319.8000000000102,23.404152937220687
319.9000000000102,2.015394291898872
320.00000000001023,8.894275886148595
320.10000000001025,2.144668652750648
320.2000000000103,-1.678279997452535
320.3000000000103,1.5981942112375354
320.4000000000103,9.213146834251443
320.50000000001035,2.7393534345798494
320.60000000001037,-23.97965431856298
320.7000000000104,-11.368666245947576
320.8000000000104,5.9598650967230995
320.90000000001044,3.17301856817142
321.00000000001046,-20.196066813946384
321.1000000000105,7.240784103876331
321.2000000000105,-20.025087374254742
321.3000000000105,11.040797361717253
321.40000000001055,-0.6860784015715878
321.5000000000106,1.4720137006769822
321.6000000000106,18.077348035597524
321.7000000000106,8.05800992779921
321.80000000001064,-22.55231987818655
321.90000000001066,6.981336746597557
322.0000000000107,-22.82037985495616
322.1000000000107,-2.3150141686480494
322.20000000001073,12.404138272733487
322.30000000001075,3.2813812442096433
322.4000000000108,-7.862499629515573
322.5000000000108,-10.180319842905021
322.6000000000108,-20.99496850111436
322.70000000001085,1.7264801457328927
322.80000000001087,-3.3590941903726703
322.9000000000109,-14.924106248008743
323.0000000000109,-19.65523957283954
323.10000000001094,-17.611385694575972
323.20000000001096,9.818555341359428
323.300000000011,-5.20073953935648
323.400000000011,6.38516731391563
323.500000000011,-3.5879336605617325
323.60000000001105,9.424623376098754
323.7000000000111,-15.863037803187062
323.8000000000111,-15.341485005967238
323.9000000000111,-6.4980545583147515
324.00000000001114,6.901818205680464
324.10000000001116,5.227995417570886
324.2000000000112,-14.016788266529032
324.3000000000112,-12.395642023402502
324.40000000001123,1.6090909286063082
324.50000000001125,-17.525139026915443
324.6000000000113,-4.54785109325168
324.7000000000113,16.661355441285853
324.8000000000113,8.168061009290415
324.90000000001135,-11.793009859581133
325.00000000001137,-0.42994407261546663
325.1000000000114,1.0792614635584792
325.2000000000114,-9.649788279000688
325.30000000001144,7.657301746114354
325.40000000001146,8.40429952865153
325.5000000000115,4.355723218537388
325.6000000000115,-0.782710218033476
325.7000000000115,-18.426051235189075
325.80000000001155,-15.792895931905667
325.9000000000116,-2.893581931950135
326.0000000000116,10.904527764312203
326.1000000000116,-23.72361395455922
326.20000000001164,-15.584258538143827
326.30000000001166,-13.98229609056375
326.4000000000117,29.323985150610564
326.5000000000117,-4.6953996650770655
326.60000000001173,-6.964834998125004
326.70000000001176,-9.020392807057489
326.8000000000118,-3.9551353262014546
326.9000000000118,15.412493024568874
327.0000000000118,12.535353059306964
327.10000000001185,-1.9455061882870812
327.20000000001187,12.99785801074948
327.3000000000119,5.233286347748974
327.4000000000119,-9.320059981361693
327.50000000001194,28.01539095292557
327.60000000001196,13.992136074073617
327.700000000012,40.979572860329355
327.800000000012,87.32295288689555
327.900000000012,194.86256771678939
328.00000000001205,1316.1267131732088
328.1000000000121,1752.4554348543063
328.2000000000121,512.9773126864161
328.3000000000121,165.72968065047178
328.40000000001214,79.18862566024987
328.50000000001216,44.132530670448475
328.6000000000122,37.51129067435988
328.7000000000122,27.48210539726164
328.80000000001223,4.738811978591391
328.90000000001226,11.650791548771286
329.0000000000123,-4.585485537013706
329.1000000000123,4.454282364909384
329.2000000000123,4.9746734466034965
329.30000000001235,3.443152023272872
329.40000000001237,4.046836016786674
329.5000000000124,-0.21969690799920855
329.6000000000124,6.122550645768371
329.70000000001244,-16.147235687424327
329.80000000001246,0.392739036935724
329.9000000000125,-14.964310025778811
330.0000000000125,1.6894105813917641
330.1000000000125,-9.704117510673475
330.20000000001255,-8.87983988108239
330.3000000000126,8.318047656236228
330.4000000000126,-11.254889707973184
330.5000000000126,-8.568201386120807
330.60000000001264,-12.616229904630408
330.70000000001266,18.762676583065726
330.8000000000127,-3.4342658845134046
330.9000000000127,2.3101278150227023
331.00000000001273,6.647041991850544
331.10000000001276,-18.1145954689474
331.2000000000128,-4.972282405220534
331.3000000000128,0.6068483789249781
331.4000000000128,-7.466488468944736
331.50000000001285,20.576577517281777
331.60000000001287,7.214309006804101
331.7000000000129,-0.6000249396323981
331.8000000000129,-4.332408766072317
331.90000000001294,-11.939249589795073
332.00000000001296,-0.43652781092763915
332.100000000013,9.062611512027768
332.200000000013,-23.628343560890492
332.30000000001303,-1.782256575167551
332.40000000001305,19.006483913623175
332.5000000000131,9.36404097855384
332.6000000000131,-18.409219584745856
332.7000000000131,3.7341677163103566
332.80000000001314,-1.2242981148776093
332.90000000001316,11.300977587933925
333.0000000000132,1.2813974907438965
333.1000000000132,11.731287928163157
333.20000000001323,-9.270541708186535
333.30000000001326,8.909491368041813
333.4000000000133,2.5731565422162688
333.5000000000133,15.140160426271953
333.6000000000133,-3.335636684781755
333.70000000001335,10.16173112175648
333.80000000001337,-5.069553996441254
333.9000000000134,-12.117703825900042
334.0000000000134,-5.805289311422561
334.10000000001344,4.785344056415875
334.20000000001346,-13.692731319073859
334.3000000000135,1.204234617755537
334.4000000000135,14.812251801350957
334.50000000001353,-14.25047265470289
334.60000000001355,9.269466992654374
334.7000000000136,15.26385871195617
334.8000000000136,-5.317794956424871
334.9000000000136,-22.669093861672
335.00000000001364,-8.204040581279655
335.10000000001367,9.117797119037828
335.2000000000137,-12.95295716655148
335.3000000000137,3.239816930341405
335.40000000001373,-19.49373904997853
335.50000000001376,21.098344541893464
335.6000000000138,-25.781573743750034
335.7000000000138,-2.3244632801047818
335.8000000000138,-17.55125130599654
335.90000000001385,1.8590695519584703
336.00000000001387,-6.238804259966952
336.1000000000139,-8.693983321118393
336.2000000000139,15.899869741452381
336.30000000001394,-1.7630747946763616
336.40000000001396,-34.145890146528984
336.500000000014,-18.15167063460361
336.600000000014,24.367205763741065
336.70000000001403,-9.949683786064881
336.80000000001405,-17.486676434610235
336.9000000000141,17.5842118489122
337.0000000000141,1.5446882966448272
337.1000000000141,-15.611410423499079
337.20000000001414,-6.253102695472428
337.30000000001417,-2.3642271494498424
337.4000000000142,7.195263716327328
337.5000000000142,-5.342657265696988
337.60000000001423,-4.539737086117594
337.70000000001426,-8.58147009868102
337.8000000000143,11.625277903230101
337.9000000000143,22.099741429429958
338.0000000000143,42.14084564093401
338.10000000001435,13.015175009529791
338.20000000001437,601.7523645918615
338.3000000000144,1230.6338552495122
338.4000000000144,424.3161738851757
338.50000000001444,140.42354743340414
338.60000000001446,16.40838093308637
338.7000000000145,7.462675909509359
338.8000000000145,24.951545907999403
338.90000000001453,9.841606312365535
339.00000000001455,-3.5488148031094293
339.1000000000146,3.518449859827539
339.2000000000146,-15.337583286440818
339.3000000000146,1.7719770218071704
339.40000000001464,-12.360586644610304
339.50000000001467,-15.833851031893621
339.6000000000147,-10.823271173342272
339.7000000000147,10.042778664945237
339.80000000001473,14.044399885171915
339.90000000001476,-5.79313569239152
340.0000000000148,-5.927451694540213
340.1000000000148,9.971928550409316
340.2000000000148,-1.9924068470861391
340.30000000001485,-1.749423382770746
340.40000000001487,9.162685168945817
340.5000000000149,12.046566917544078
340.6000000000149,7.183241043784378
340.70000000001494,8.869991981461363
340.80000000001496,5.103829712630474
340.900000000015,6.212363944233076
341.000000000015,-5.591605551941424
341.10000000001503,-8.503503652734135
341.20000000001505,1.9999665752641562
341.3000000000151,-4.572117059633796
341.4000000000151,-13.854239868538562
341.5000000000151,2.3263201048461686
341.60000000001514,6.942584438494558
341.70000000001517,11.07514025221603
341.8000000000152,-15.372595953619776
341.9000000000152,1.7795952273201703
342.00000000001523,4.935927278920318
342.10000000001526,1.466985701670386
342.2000000000153,-0.4579071595764123
342.3000000000153,8.924634869719217
342.4000000000153,-4.2157472830093825
342.50000000001535,-7.396044291973341
342.60000000001537,-3.473793712553801
342.7000000000154,-22.05952380149022
342.8000000000154,-5.852417515238276
342.90000000001544,-24.25088248590821
343.00000000001546,1.4312293260868367
343.1000000000155,2.6721652610073354
343.2000000000155,-4.299858294627394
343.30000000001553,-30.224286858251006
343.40000000001555,2.79461831980333
343.5000000000156,-7.305325828905369
343.6000000000156,-18.076180281517924
343.7000000000156,3.5569478512515023
343.80000000001564,7.699693823928474
343.90000000001567,-19.30036197737232
344.0000000000157,-0.5629138494042765
344.1000000000157,-9.994557973838244
344.20000000001573,-8.91596988365365
344.30000000001576,-9.273330820324459
344.4000000000158,15.882535956229736
344.5000000000158,-36.55149371469504
344.6000000000158,7.078217970268726
344.70000000001585,-11.304829108638884
344.80000000001587,-3.749288541793395
344.9000000000159,8.159607798974818
345.0000000000159,-5.901015174043073
345.10000000001594,-9.78376692572012
345.20000000001596,6.247700086650342
345.300000000016,5.820437416840823
345.400000000016,-9.501734020023495
345.50000000001603,0.03501899862120217
345.60000000001605,-0.7308871932100436
345.7000000000161,-25.680656178876866
345.8000000000161,-24.711951610553957
345.9000000000161,-4.06841215377446
346.00000000001614,-5.333977549448477
346.10000000001617,-5.7777001553064915
346.2000000000162,2.2951188195608565
346.3000000000162,0.33234256272441254
346.40000000001623,-12.710558874130049
346.50000000001626,-4.162515201211325
346.6000000000163,-7.56051713403937
346.7000000000163,11.948917003532976
346.8000000000163,-10.196889931588972
346.90000000001635,6.339383999257904
347.00000000001637,-5.907625446926118
347.1000000000164,-1.1813523151588163
347.2000000000164,-28.69675735780351
347.30000000001644,1.51582663357041
347.40000000001646,-9.324744841074946
347.5000000000165,0.30823094005608564
347.6000000000165,-16.76739488370626
347.70000000001653,0.43434281630469845
347.80000000001655,16.55612235540597
347.9000000000166,-13.89319227374262
348.0000000000166,0.9300730314634509
348.1000000000166,-6.041279712502675
348.20000000001664,-31.889555286434668
348.30000000001667,7.056568572330184
348.4000000000167,-15.711538586923842
348.5000000000167,0.9654218489668733
348.60000000001673,-29.593403816722144
348.70000000001676,-16.95710142299335
348.8000000000168,-10.823008050072296
348.9000000000168,-1.3474727660823036
349.0000000000168,-18.794318286352848
349.10000000001685,7.0963337790382806
349.20000000001687,-10.185945140934285
349.3000000000169,-7.351611666661857
349.4000000000169,-3.0248439793451003
349.50000000001694,-6.893941473428172
349.60000000001696,1.5219049116051784
349.700000000017,-14.784650597703179
349.800000000017,0.5317771835048144
349.90000000001703,-5.478763622501629
350.00000000001705,-4.111661148999244
350.1000000000171,15.635892632585637
350.2000000000171,-14.49277128666934
350.3000000000171,-6.1482385695059465
350.40000000001714,9.323011092749159
350.50000000001717,-0.049546927250166295
350.6000000000172,9.077325697837898
350.7000000000172,-25.130904373913946
350.80000000001723,0.7241959917920253
350.90000000001726,3.7877692558765097
351.0000000000173,-6.402734432337346
351.1000000000173,-7.393193993396195
351.2000000000173,0.8131259617145621
351.30000000001735,4.585773156765339
351.40000000001737,12.282335523957038
351.5000000000174,-1.5018909088585637
351.6000000000174,9.480725339794054
351.70000000001744,-11.86988039768598
351.80000000001746,-3.9203785387001613
351.9000000000175,8.941822013748958
352.0000000000175,-16.996065917583646
352.10000000001753,0.018624079714178343
352.20000000001755,2.300748316864723
352.3000000000176,3.057214579198275
352.4000000000176,-10.43471095799775
352.5000000000176,0.5710901479130635
352.60000000001764,-18.475169508688474
352.70000000001767,-5.0997659350171025
352.8000000000177,5.028670325948739
352.9000000000177,-26.498946229782938
353.00000000001774,-6.755758278144057
353.10000000001776,4.9584806745264105
353.2000000000178,6.763012243494398
353.3000000000178,4.323405675258721
353.4000000000178,-18.792059402045812
353.50000000001785,5.159033963367792
353.60000000001787,-7.87916532921215
353.7000000000179,4.543276845312966
353.8000000000179,14.662699680031183
353.90000000001794,-14.076044394243143
354.00000000001796,-7.85120165593235
354.100000000018,-10.810322118300858
354.200000000018,-1.012867222732806
354.30000000001803,26.218076588114172
354.40000000001805,-16.724110834766236
354.5000000000181,-15.541031983911344
354.6000000000181,1.4301225129139958
354.7000000000181,-8.69833671247012
354.80000000001814,-5.935992344312642
354.90000000001817,5.33110813188728
355.0000000000182,-9.31815157203739
355.1000000000182,-12.772789776197952
355.20000000001824,-18.20554486626434
355.30000000001826,-2.854164505702257
355.4000000000183,-5.863670275901285
355.5000000000183,-17.003727938133935
355.6000000000183,8.96228452935993
355.70000000001835,1.3042003453932978
355.8000000000184,-3.0564280314348324
355.9000000000184,-0.5452350746092369
356.0000000000184,0.48851061850359945
356.10000000001844,1.2117093462880226
356.20000000001846,-16.76480361339606
356.3000000000185,-5.820996221569831
356.4000000000185,2.730166557179014
356.50000000001853,4.665742032358459
356.60000000001855,-25.4992772631289
356.7000000000186,-4.411838061311369
356.8000000000186,-1.1269074294526114
356.9000000000186,0.7448101904215825
357.00000000001864,-0.30892373797813644
357.10000000001867,9.704148394229525
357.2000000000187,-20.157527318735934
357.3000000000187,19.03435826979114
357.40000000001874,-21.823876919677318
357.50000000001876,-4.378697870939362
357.6000000000188,-18.034684511990182
357.7000000000188,-22.225333211576963
357.8000000000188,-21.309290299546607
357.90000000001885,7.762014250867175
358.0000000000189,-15.850866622935964
358.1000000000189,6.237571663896093
358.2000000000189,-7.3067528358752405
358.30000000001894,-3.3387344440807234
358.40000000001896,-22.621410727463683
358.500000000019,-5.200032803162847
358.600000000019,-9.792261637007462
358.70000000001903,1.6403458626724772
358.80000000001905,-8.047459315702461
358.9000000000191,-29.67516226171841
359.0000000000191,-2.2267216372729495
359.1000000000191,-11.386419736874126
359.20000000001914,-10.369711266335672
359.30000000001917,-2.1669381725689787
359.4000000000192,4.6760165843465975
359.5000000000192,-9.68466305846196
359.60000000001924,-6.441554040551306
359.70000000001926,-14.997166562463017
359.8000000000193,-16.477712186855737
359.9000000000193,-9.782536209031369
360.0000000000193,-9.1268541963913
360.10000000001935,8.290360846505841
360.2000000000194,-4.811919794202494
360.3000000000194,-13.515470112201992
360.4000000000194,3.731244482381099
360.50000000001944,-0.7775082701980887
360.60000000001946,-8.242718879146675
360.7000000000195,-10.083877459077819
360.8000000000195,3.2043721824896
360.90000000001953,-3.21777219802257
361.00000000001955,-11.290703441981076
361.1000000000196,-21.30472717079116
361.2000000000196,0.65758316716349
361.3000000000196,-12.332282212131044
361.40000000001965,-2.458103622992687
361.50000000001967,-14.873016084839627
361.6000000000197,7.366888305330272
361.7000000000197,11.734705906418748
361.80000000001974,-5.946127871490064
361.90000000001976,-4.755155837081349
362.0000000000198,4.4922486002343875
362.1000000000198,-3.6308376563987594
362.2000000000198,-3.1637332601174792
362.30000000001985,2.1115871914527045
362.4000000000199,-19.706850338160493
362.5000000000199,-1.2621314017835514
362.6000000000199,3.392916340535079
362.70000000001994,-8.073988201827303
362.80000000001996,-1.9634525010651136
362.90000000002,-4.029426596376146
363.00000000002,-19.473851683261454
363.10000000002003,0.7466746716095936
363.20000000002005,-4.245663087841693
363.3000000000201,-7.19735748523297
363.4000000000201,-7.71913594425291
363.5000000000201,13.939360929320372
363.60000000002015,-20.6586787307324
363.70000000002017,-1.9146914529937364
363.8000000000202,14.02891522277945
363.9000000000202,-5.776127769033401
364.00000000002024,-15.429736995341408
364.10000000002026,-6.8254862951445325
364.2000000000203,7.426265175327679
364.3000000000203,-7.503111846131777
364.4000000000203,-3.072364351402712
364.50000000002035,15.305536159056324
364.6000000000204,-18.075343977993978
364.7000000000204,5.285889053070623
364.8000000000204,-8.119243752673988
364.90000000002044,-19.66731109893453
365.00000000002046,21.383122352604076
365.1000000000205,36.63798303407156
365.2000000000205,53.85318659728378
365.30000000002053,51.5188014236542
365.40000000002055,35.49117081774808
365.5000000000206,39.064480237621574
365.6000000000206,34.47848404254133
365.7000000000206,23.1935787847307
365.80000000002065,50.45720200171401
365.90000000002067,44.07601763397041
366.0000000000207,10.977190341623942
366.1000000000207,15.185186340328876
366.20000000002074,37.93270404437429
366.30000000002076,44.94016484775448
366.4000000000208,28.442909200332796
366.5000000000208,17.811790388136505
366.6000000000208,19.655450419684406
366.70000000002085,27.006174457011582
366.8000000000209,31.347606621743783
366.9000000000209,34.25815955824267
367.0000000000209,33.32288439964579
367.10000000002094,27.878609398348605
367.20000000002096,28.085870092619
367.300000000021,52.62667610216759
367.400000000021,79.72520267261329
367.50000000002103,65.54950461359198
367.60000000002105,47.772415346220484
367.7000000000211,47.765746753168294
367.8000000000211,55.20683966434029
367.9000000000211,50.170272103995586
368.00000000002115,59.31899501205726
368.10000000002117,81.3490018805022
368.2000000000212,71.62453234120062
368.3000000000212,48.973432977457406
368.40000000002124,30.230237173662488
368.50000000002126,22.641963683106123
368.6000000000213,38.29306066625531
368.7000000000213,39.807052306647094
368.8000000000213,20.53232559680902
368.90000000002135,31.412104718710818
369.0000000000214,36.26997243046358
369.1000000000214,30.561508548171954
369.2000000000214,38.76334217450822
369.30000000002144,32.44367926655304
369.40000000002146,29.357225498780988
369.5000000000215,45.9852274760771
369.6000000000215,52.50285906963918
369.70000000002153,39.420099176143836
369.80000000002156,24.856678257234602
369.9000000000216,29.343689889373138
370.0000000000216,26.346301721915925
370.1000000000216,21.35583158216654
370.20000000002165,23.849208244233917
370.30000000002167,13.600128586795613
370.4000000000217,16.675426625988244
370.5000000000217,32.68748673815001
370.60000000002174,31.170453336045497
370.70000000002176,42.59819622235572
370.8000000000218,52.928488333092304
370.9000000000218,36.62809132753552
371.0000000000218,21.52747122770444
371.10000000002185,18.73309915362113
371.2000000000219,31.66863524379675
371.3000000000219,56.189606679321415
371.4000000000219,53.427914808485625
371.50000000002194,22.382031464730858
371.60000000002196,-2.5604439833003925
371.700000000022,8.358181452797698
371.800000000022,41.79000712791015
371.90000000002203,59.41401686584246
372.00000000002206,35.022720961551855
372.1000000000221,20.44853865690061
372.2000000000221,24.44778431690474
372.3000000000221,22.9849086038157
372.40000000002215,35.96715790529613
372.50000000002217,48.72189210961697
372.6000000000222,43.86720867588493
372.7000000000222,29.65564953114653
372.80000000002224,11.300372492511666
372.90000000002226,10.596969662624378
373.0000000000223,40.000027934602244
373.1000000000223,49.537646089261635
373.2000000000223,34.15575054956075
373.30000000002235,23.79548330928507
373.4000000000224,42.700841918552406
373.5000000000224,51.72286283608364
373.6000000000224,45.23396408602836
373.70000000002244,52.30962898357039
373.80000000002246,53.885591043570706
373.9000000000225,45.179380061443496
374.0000000000225,36.666916336178254
374.10000000002253,37.26025014973266
374.20000000002256,34.54186204594668
374.3000000000226,26.89226079358888
374.4000000000226,28.693105822909807
374.5000000000226,43.05676822255903
374.60000000002265,43.967060062862906
374.70000000002267,25.165773937328662
374.8000000000227,33.466686385471164
374.9000000000227,40.18589100626181
375.00000000002274,46.920834404641276
375.10000000002276,90.25698844107332
375.2000000000228,107.11138537533165
375.3000000000228,85.00724533751267
375.4000000000228,55.12102669257302
375.50000000002285,37.22095285078833
375.6000000000229,34.799710526132245
375.7000000000229,29.58358692850969
375.8000000000229,4.6943675427662725
375.90000000002294,7.954526168638567
376.00000000002296,35.141150091467544
376.100000000023,47.65387002340376
376.200000000023,35.99280836191227
376.30000000002303,17.013549198661927
376.40000000002306,17.745757398941436
376.5000000000231,46.12531433706718
376.6000000000231,42.27000485013678
376.7000000000231,18.00538249758708
376.80000000002315,16.165922815881483
376.90000000002317,15.545514380456066
377.0000000000232,34.303830038795184
377.1000000000232,57.282741799674454
377.20000000002324,32.19993660985251
377.30000000002326,20.700497956103018
377.4000000000233,25.67670029851894
377.5000000000233,15.185812660512129
377.60000000002333,19.766212352473552
377.70000000002335,23.342909738208082
377.8000000000234,20.286588486727275
377.9000000000234,34.71192301450925
378.0000000000234,30.740388311217078
378.10000000002344,22.26708884274575
378.20000000002346,42.69649098546771
378.3000000000235,56.48926110457613
378.4000000000235,44.11269133309322
378.50000000002353,24.356077187533884
378.60000000002356,33.44512736827408
378.7000000000236,38.48205026679188
378.8000000000236,32.66574021034574
378.9000000000236,34.37291227524727
379.00000000002365,39.44594790502139
379.10000000002367,50.67984528661722
379.2000000000237,58.38010920568259
379.3000000000237,42.19026417494888
379.40000000002374,31.897508140745003
379.50000000002376,28.884416618693916
379.6000000000238,21.856249146268514
379.7000000000238,39.09944975575749
379.80000000002383,38.94336903180224
379.90000000002385,18.26888716786154
380.0000000000239,44.31083875838879
380.1000000000239,60.33301558735944
380.2000000000239,58.10530614266237
380.30000000002394,65.51265897498286
380.40000000002397,46.60363319105784
380.500000000024,30.03824564788024
380.600000000024,50.64368217516132
380.70000000002403,94.04872570645233
380.80000000002406,109.61406092226716
380.9000000000241,110.52131079307149
381.0000000000241,132.86712560472495
381.1000000000241,134.92852330980895
381.20000000002415,108.75407754367957
381.30000000002417,70.80643981096192
381.4000000000242,43.13347776945343
381.5000000000242,50.67645644139305
381.60000000002424,63.960110855760576
381.70000000002426,46.61185762835615
381.8000000000243,41.788373505118315
381.9000000000243,56.073336434963586
382.00000000002433,65.33657713040688
382.10000000002435,51.58538085427973
382.2000000000244,60.9946028692009
382.3000000000244,69.81102952108547
382.4000000000244,39.4536901164766
382.50000000002444,38.01411668487838
382.60000000002447,50.418836271042146
382.7000000000245,49.29324386197285
382.8000000000245,43.56394839676037
382.90000000002453,21.92557168899344
383.00000000002456,5.838291983580362
383.1000000000246,21.70312350139559
383.2000000000246,44.57659340904744
383.3000000000246,60.565394635123894
383.40000000002465,53.91293507348027
383.50000000002467,18.376277276893678
383.6000000000247,23.548485247598258
383.7000000000247,50.14652350555144
383.80000000002474,41.42467636048923
383.90000000002476,27.874996339520905
384.0000000000248,39.56620950402266
384.1000000000248,63.64472669726229
384.20000000002483,57.576932566892346
384.30000000002485,37.43759256173249
384.4000000000249,28.150963148366657
384.5000000000249,36.666309868895574
384.6000000000249,44.938810437507684
384.70000000002494,56.31982671086271
384.80000000002497,60.819971805485956
384.900000000025,40.372748051410866
385.000000000025,36.833805307435036
385.10000000002503,43.323823586515566
385.20000000002506,31.779326605786494
385.3000000000251,14.916673654896607
385.4000000000251,13.913760730807608
385.5000000000251,23.584422724500897
385.60000000002515,22.84907779852507
385.70000000002517,33.562209264602146
385.8000000000252,36.780483747776074
385.9000000000252,26.94862838984878
386.00000000002524,57.968906967427614
386.10000000002526,67.74547017133585
386.2000000000253,30.316242909590024
386.3000000000253,-1.9971415638803482
386.40000000002533,5.3957657650127535
386.50000000002535,36.76621494813085
386.6000000000254,48.68490804588072
386.7000000000254,18.206408537782693
386.8000000000254,24.545393480892102
386.90000000002544,60.10823846941377
387.00000000002547,45.31553699800224
387.1000000000255,20.671762356442155
387.2000000000255,19.269165841770135
387.30000000002553,33.856417276010305
387.40000000002556,31.612986372953475
387.5000000000256,33.64976880497804
387.6000000000256,34.71726156056943
387.7000000000256,18.235238055514753
387.80000000002565,27.047501959209818
387.90000000002567,17.8437922837301
388.0000000000257,-11.783737918507436
388.1000000000257,23.9976668028558
388.20000000002574,43.74964952018898
388.30000000002576,27.854332600483847
388.4000000000258,22.778977239164924
388.5000000000258,19.84708661666806
388.60000000002583,22.909059556692153
388.70000000002585,26.271242421089013
388.8000000000259,12.105371205030323
388.9000000000259,10.839213066446524
389.0000000000259,25.554477074328815
389.10000000002594,32.297572746609625
389.20000000002597,19.11720512503352
389.300000000026,15.070011295307609
389.400000000026,18.882777592282608
389.50000000002603,-0.4795516903072268
389.60000000002606,10.110988545042513
389.7000000000261,40.458128494985615
389.8000000000261,45.78147502773865
389.9000000000261,26.387950986476785
390.00000000002615,9.745313130617799
390.10000000002617,9.702242346045178
390.2000000000262,16.471119339403643
390.3000000000262,21.438122462043808
390.40000000002624,35.737810602797445
390.50000000002626,52.56228934638349
390.6000000000263,37.36162664529555
390.7000000000263,64.96427974800436
390.80000000002633,104.23750564479873
390.90000000002635,61.603615936052826
391.0000000000264,35.15534348168964
391.1000000000264,32.86976684722366
391.2000000000264,32.732756089170174
391.30000000002644,54.509418724025046
391.40000000002647,59.5193416013344
391.5000000000265,48.26014769661982
391.6000000000265,47.470945837845434
391.70000000002653,36.172713814191205
391.80000000002656,33.61589074070025
391.9000000000266,41.28837806122819
392.0000000000266,26.694757059517087
392.1000000000266,28.850785275997133
392.20000000002665,41.23942042366288
392.30000000002667,29.282330933460145
392.4000000000267,4.193392946913885
392.5000000000267,5.837827446944743
392.60000000002674,26.731708992502547
392.70000000002676,20.164153478253553
392.8000000000268,24.906297997274883
392.9000000000268,51.31397899086139
393.00000000002683,32.75716585647404
393.10000000002685,-60.03715298488324
393.2000000000269,365.17802709978145
393.3000000000269,918.7964472472413
393.4000000000269,618.3038976937488
393.50000000002694,196.52692996677803
393.60000000002697,41.49765565308843
393.700000000027,57.59841649319836
393.800000000027,37.40322769181462
393.90000000002703,32.86894743103856
394.00000000002706,49.08551805958359
394.1000000000271,34.86804562369438
394.2000000000271,57.56159566912982
394.3000000000271,73.86486947870132
394.40000000002715,50.24331062209281
394.50000000002717,33.269616429206614
394.6000000000272,12.123072371270478
394.7000000000272,14.008009892281581
394.80000000002724,48.679378603253966
394.90000000002726,30.2584693584722
395.0000000000273,13.27307727956153
395.1000000000273,30.232416875344263
395.20000000002733,37.98203290179119
395.30000000002735,52.230684874672136
395.4000000000274,44.23648578754499
395.5000000000274,9.475915191230492
395.6000000000274,24.531233436145712
395.70000000002744,43.93461372071891
395.80000000002747,23.333479838422743
395.9000000000275,-12.82470131884953
396.0000000000275,13.599860971600474
396.10000000002753,54.648036751820406
396.20000000002756,50.82648649708532
396.3000000000276,31.92581369198485
396.4000000000276,33.655424306116664
396.5000000000276,8.01038002958522
396.60000000002765,-4.216498722786085
396.70000000002767,284.6885283687122
396.8000000000277,486.75805647270175
396.9000000000277,335.308717856556
397.00000000002774,89.10619686934501
397.10000000002776,-4.983585053121001
397.2000000000278,25.578472747793935
397.3000000000278,39.17793690999892
397.40000000002783,19.954130981552066
397.50000000002785,11.52856825089102
397.6000000000279,22.120548806004216
397.7000000000279,28.341422970776563
397.8000000000279,54.045627683571176
397.90000000002794,38.18990532389922
398.00000000002797,-1.5631133720585695
398.100000000028,72.38776502803542
398.200000000028,78.67197614350125
398.30000000002804,28.551729839056936
398.40000000002806,54.56562587901387
398.5000000000281,46.22315842917993
398.6000000000281,20.646999079968555
398.7000000000281,19.508701938240137
398.80000000002815,27.338701634785025
398.9000000000282,34.94835107286258
399.0000000000282,38.95586037484533
399.1000000000282,35.55177805492119
399.20000000002824,21.092502639879324
399.30000000002826,19.837560135827758
399.4000000000283,18.103254217012648
399.5000000000283,-10.759682674337704
399.60000000002833,-5.727163444491886
399.70000000002835,22.248966921732666
399.8000000000284,30.56945577807389
399.9000000000284,11.59544419225874
400.0000000000284,5.121248771901306
400.10000000002844,0.819843093176446
400.20000000002847,-17.74195872441782
400.3000000000285,10.231266207297685
400.4000000000285,19.210040923884236
400.50000000002854,-0.46029466809670183
400.60000000002856,29.929333254839936
400.7000000000286,41.356802976866064
400.8000000000286,31.809324972914403
400.9000000000286,33.25899604817884
401.00000000002865,28.139035955884705
401.1000000000287,11.304878795143978
401.2000000000287,4.455438490524922
401.3000000000287,18.752301845717703
401.40000000002874,1.2665052508990113
401.50000000002876,8.25667483406579
401.6000000000288,49.289431234950655
401.7000000000288,28.47692640283493
401.80000000002883,4.8721531875413655
401.90000000002885,10.124945982341636
402.0000000000289,21.777089148847658
402.1000000000289,18.569975405843113
402.2000000000289,23.820063676615824
402.30000000002894,29.217204065169344
402.40000000002897,8.25252540914681
402.500000000029,25.164739205650736
402.600000000029,41.69811086336982
402.70000000002904,25.5093633922951
402.80000000002906,37.885310210367535
402.9000000000291,40.83668223912257
403.0000000000291,41.36200602612071
403.1000000000291,62.61832428832071
403.20000000002915,38.512239369209844
403.3000000000292,33.30938851909104
403.4000000000292,60.57310814299553
403.5000000000292,41.2776939226073
403.60000000002924,38.29604022231319
403.70000000002926,43.63246209234068
403.8000000000293,29.73967601355004
403.9000000000293,40.974775163669015
404.00000000002933,73.83682734096234
404.10000000002935,85.22686246095974
404.2000000000294,50.57374892638321
404.3000000000294,36.75016308339252
404.4000000000294,73.62684638334802
404.50000000002944,111.28301336064261
404.60000000002947,78.09468027060676
404.7000000000295,80.02604746862677
404.8000000000295,96.70189906258774
404.90000000002954,81.35830677373025
405.00000000002956,130.28707854597533
405.1000000000296,156.45136229590594
405.2000000000296,149.16303522070143
405.3000000000296,202.01948844075974
405.40000000002965,282.651145867503
405.5000000000297,334.24129318864834
405.6000000000297,311.20481255661923
405.7000000000297,212.1267299874216
405.80000000002974,141.1991420707564
405.90000000002976,126.20043161878998
406.0000000000298,121.35612661887967
406.1000000000298,99.31687449615306
406.20000000002983,87.30050402823767
406.30000000002985,88.86130029896933
406.4000000000299,73.18943876846146
406.5000000000299,47.9437907123101
406.6000000000299,40.80463064661939
406.70000000002995,56.827075940591115
406.80000000002997,63.86309868196219
406.90000000003,60.03549610760613
407.00000000003,44.77991434375325
407.10000000003004,26.052812246104114
407.20000000003006,33.3504427146664
407.3000000000301,33.13275357598015
407.4000000000301,26.096463592856292
407.5000000000301,48.99133602565447
407.60000000003015,48.41008155977057
407.7000000000302,34.566834638158184
407.8000000000302,35.216467170999465
407.9000000000302,33.96098372892672
408.00000000003024,26.436537858800843
408.10000000003026,30.543390156762822
408.2000000000303,44.32838306892405
408.3000000000303,11.554790036208214
408.40000000003033,6.70433845516923
408.50000000003035,48.804680236988816
408.6000000000304,53.66318384905301
408.7000000000304,20.829376329879032
408.8000000000304,20.04079115359188
408.90000000003045,57.86707180802297
409.00000000003047,32.617939074594936
409.1000000000305,14.520939174064548
409.2000000000305,30.999092772000658
409.30000000003054,40.087994578764324
409.40000000003056,27.536280881013628
409.5000000000306,24.892877522654143
409.6000000000306,31.93491817488621
409.7000000000306,21.389272218237508
409.80000000003065,44.760468665933466
409.9000000000307,56.7681060125933
410.0000000000307,28.00352145421527
410.1000000000307,32.65402642107733
410.20000000003074,39.571486711348385
410.30000000003076,31.310805430516808
410.4000000000308,25.984888820192925
410.5000000000308,31.59909969019914
410.60000000003083,24.84797749007049
410.70000000003085,9.851726171649553
410.8000000000309,19.502758203966284
410.9000000000309,39.968989731830085
411.0000000000309,44.40940039440817
411.10000000003095,27.825085176942796
411.20000000003097,15.501596410245142
411.300000000031,9.047244006437204
411.400000000031,17.40723124001818
411.50000000003104,37.40598534445053
411.60000000003106,28.917765632165718
411.7000000000311,23.018484587759872
411.8000000000311,27.947687868256057
411.9000000000311,20.11850626400527
412.00000000003115,36.22129371801027
412.1000000000312,34.70206381394053
412.2000000000312,3.4425918801270887
412.3000000000312,13.975475365114008
412.40000000003124,25.385237134902106
412.50000000003126,26.24036642235579
412.6000000000313,28.396977778803528
412.7000000000313,11.76396613421065
412.80000000003133,13.315466223420033
412.90000000003135,34.143655856284035
413.0000000000314,31.859003565484905
413.1000000000314,8.631909534109397
413.2000000000314,12.813779059093433
413.30000000003145,40.4296189658609
413.40000000003147,23.623930066914042
413.5000000000315,9.83008026940093
413.6000000000315,17.23825212239689
413.70000000003154,26.80191158934382
413.80000000003156,28.985436125320096
413.9000000000316,37.69833085545362
414.0000000000316,46.40216598631854
414.1000000000316,30.354626796823982
414.20000000003165,-8.281868479897001
414.3000000000317,-3.2739700356326624
414.4000000000317,41.76153131003017
414.5000000000317,40.683154869060985
414.60000000003174,26.245509923799617
414.70000000003176,18.148764634396528
414.8000000000318,13.450875443910048
414.9000000000318,13.235536574763032
415.00000000003183,20.314909628304544
415.10000000003186,28.366981955309562
415.2000000000319,30.119160843451912
415.3000000000319,32.82093598598798
415.4000000000319,40.165606097632924
415.50000000003195,34.0197258810105
415.60000000003197,10.850705769803533
415.700000000032,52.96504463361686
415.800000000032,66.85280667154895
415.90000000003204,8.586579705225724
416.00000000003206,10.599128384586212
416.1000000000321,22.7274517610426
416.2000000000321,23.22733431999459
416.3000000000321,30.64851271024462
416.40000000003215,33.52033679103161
416.5000000000322,39.529118131957404
416.6000000000322,45.32444668718231
416.7000000000322,34.92955505914497
416.80000000003224,10.89120481582234
416.90000000003226,8.683550841064875
417.0000000000323,26.663996386958463
417.1000000000323,21.816472035785196
417.20000000003233,25.370303297450278
417.30000000003236,45.2057273251625
417.4000000000324,64.56531316063794
417.5000000000324,70.05780293360458
417.6000000000324,59.34270669584851
417.70000000003245,45.0923938791081
417.80000000003247,47.43749909653866
417.9000000000325,71.59345388232617
418.0000000000325,61.13501933822365
418.10000000003254,36.79266549300431
418.20000000003256,61.60263134100579
418.3000000000326,36.35699173485928
418.4000000000326,38.88083118957753
418.5000000000326,90.41874318505872
418.60000000003265,55.884496581134606
418.7000000000327,57.50396156405465
418.8000000000327,95.47572268423382
418.9000000000327,93.79460869301911
419.00000000003274,71.12884856042218
419.10000000003276,50.86059538926051
419.2000000000328,60.78373581637112
419.3000000000328,97.41610255227333
419.40000000003283,90.1540702719782
419.50000000003286,87.13813353443842
419.6000000000329,109.45440436560001
419.7000000000329,110.24356271919389
419.8000000000329,117.47099542418943
419.90000000003295,134.18728140175705
420.00000000003297,148.20415477895324
420.100000000033,159.19249349503377
420.200000000033,170.16453665105914
420.30000000003304,170.23934764769893
420.40000000003306,171.32080529133617
420.5000000000331,223.45260465546303
420.6000000000331,255.1898893422986
420.7000000000331,260.22957295180277
420.80000000003315,325.48692027735456
420.9000000000332,498.83559730894154
421.0000000000332,653.682665949465
421.1000000000332,603.0905051187885
421.20000000003324,337.9511994845789
421.30000000003326,289.8783844211314
421.4000000000333,331.2121327158537
421.5000000000333,251.20932310892314
421.60000000003333,211.29817608900947
421.70000000003336,171.78711690175
421.8000000000334,138.68651067774547
421.9000000000334,144.81065203870423
422.0000000000334,137.91171298014513
422.10000000003345,119.37419212798189
422.20000000003347,114.56833468828576
422.3000000000335,118.87586373564203
422.4000000000335,77.67734905552653
422.50000000003354,113.6435667490309
422.60000000003356,224.83913123279592
422.7000000000336,227.8449678479906
422.8000000000336,121.83927314896609
422.90000000003363,49.65681719084245
423.00000000003365,67.27830459823366
423.1000000000337,59.77855755554032
423.2000000000337,60.28564902475109
423.3000000000337,61.05418241049103
423.40000000003374,44.398866783580324
423.50000000003376,60.419716018920866
423.6000000000338,67.76787810116798
423.7000000000338,58.50128802934218
423.80000000003383,61.69389927207848
423.90000000003386,59.97612611707073
424.0000000000339,41.61223014660896
424.1000000000339,32.58738375635495
424.2000000000339,58.11325328373911
424.30000000003395,50.23100512089005
424.40000000003397,26.78290761095351
424.500000000034,34.99612761491333
424.600000000034,67.28938897960872
424.70000000003404,49.49046629249244
424.80000000003406,33.65450165744851
424.9000000000341,63.671967057660915
425.0000000000341,48.44713764614072
425.10000000003413,42.68182594078853
425.20000000003415,57.17144427313806
425.3000000000342,57.18378745733694
425.4000000000342,61.13346065744178
425.5000000000342,53.59083771184734
425.60000000003424,39.31350836904283
425.70000000003427,40.2868823756569
425.8000000000343,35.293143924045594
425.9000000000343,28.16868979711919
426.00000000003433,32.01279382299349
426.10000000003436,43.7494600501151
426.2000000000344,35.54941551430492
426.3000000000344,16.427378789423635
426.4000000000344,13.192066353902092
426.50000000003445,30.01047382039305
426.60000000003447,23.888256683783034
426.7000000000345,12.305978583932244
426.8000000000345,22.018827519922596
426.90000000003454,14.445757196980336
427.00000000003456,7.613890969299791
427.1000000000346,18.88157311814429
427.2000000000346,38.995874771111595
427.30000000003463,44.57944306167248
427.40000000003465,33.354600522542675
427.5000000000347,21.70275449895785
427.6000000000347,24.282144076454507
427.7000000000347,26.13399314989625
427.80000000003474,24.55149978246556
427.90000000003477,18.752346611525432
428.0000000000348,10.541018521198488
428.1000000000348,31.689800788582943
428.20000000003483,36.996691300438215
428.30000000003486,7.5830145944606375
428.4000000000349,14.448256562747726
428.5000000000349,19.3251255515766
428.6000000000349,21.0169908713448
428.70000000003495,35.76467254842398
428.80000000003497,31.7202204033811
428.900000000035,34.937568202834896
429.000000000035,30.808638853314047
429.10000000003504,-0.01359928112035691
429.20000000003506,15.523305592200419
429.3000000000351,47.18612499454036
429.4000000000351,49.53665918816905
429.50000000003513,29.87923501939865
429.60000000003515,36.76234412398828
429.7000000000352,33.017747480007536
429.8000000000352,17.87213144491257
429.9000000000352,44.24589866240925
430.00000000003524,25.482955945536784
430.10000000003527,13.202019039419831
430.2000000000353,46.24230299146529
430.3000000000353,34.26830263571949
430.40000000003533,21.412621695640386
430.50000000003536,33.528021047590855
430.6000000000354,49.88109184952474
430.7000000000354,47.350121356513164
430.8000000000354,54.10114018454721
430.90000000003545,58.353375231524424
431.00000000003547,75.48290537181296
431.1000000000355,206.5753190751923
431.2000000000355,183.66302512281558
431.30000000003554,41.1199800634977
431.40000000003556,53.017317804492535
431.5000000000356,48.904641834007656
431.6000000000356,24.803474450043826
431.70000000003563,23.510700417098167
431.80000000003565,25.128216622333944
431.9000000000357,24.255466245315194
432.0000000000357,13.590458159868442
432.1000000000357,10.987657098077781
432.20000000003574,41.12863828375205
432.30000000003577,32.14434073179287
432.4000000000358,8.368147241561699
432.5000000000358,10.316985787577268
432.60000000003583,4.918001267760786
432.70000000003586,18.103942789050603
432.8000000000359,26.11534829315334
432.9000000000359,7.824125220506744
433.0000000000359,17.125291016275565
433.10000000003595,21.07708098390854
433.20000000003597,21.99304041140887
433.300000000036,39.0138000023408
433.400000000036,25.962801056874902
433.50000000003604,28.442915010377074
433.60000000003606,32.831332193107855
433.7000000000361,-2.8671633874489935
433.8000000000361,21.956333297370346
433.90000000003613,63.206095156621956
434.00000000003615,56.165868284384075
434.1000000000362,18.383831150268236
434.2000000000362,19.375071615998962
434.3000000000362,36.91157521824484
434.40000000003624,29.29947742598624
434.50000000003627,9.997174582824998
434.6000000000363,27.333352956625404
434.7000000000363,32.48988859150261
434.80000000003633,-0.6667273408840321
434.90000000003636,2.0246972215790233
435.0000000000364,18.16161686180504
435.1000000000364,27.181279779579814
435.2000000000364,28.452270884033258
435.30000000003645,24.719547008046405
435.40000000003647,30.62414667382306
435.5000000000365,37.59773982950586
435.6000000000365,31.18309021119354
435.70000000003654,25.1029865426343
435.80000000003656,28.965078138003214
435.9000000000366,42.337376208045114
436.0000000000366,50.48004704362744
436.10000000003663,29.855414880811463
436.20000000003665,7.862536312805814
436.3000000000367,7.535823224146709
436.4000000000367,17.830685633051235
436.5000000000367,11.149763021773273
436.60000000003674,1.7874808571376004
436.70000000003677,10.081931809375298
436.8000000000368,31.95714985952414
436.9000000000368,42.411597477725394
437.00000000003683,43.875884747464454
437.10000000003686,43.0535508443569
437.2000000000369,37.96351437617784
437.3000000000369,44.2530458826765
437.4000000000369,42.180139152414505
437.50000000003695,21.07489649666542
437.60000000003697,8.538334762119693
437.700000000037,3.918885930163715
437.800000000037,13.81830755108363
437.90000000003704,30.189193929249164
438.00000000003706,21.071773451633288
438.1000000000371,17.740746154095472
438.2000000000371,9.863102075922807
438.30000000003713,-8.995773933838079
438.40000000003715,19.27952656753146
438.5000000000372,48.09484430355433
438.6000000000372,52.08270384544607
438.7000000000372,47.1692905476065
438.80000000003724,36.59114415837797
438.90000000003727,12.234369598959287
439.0000000000373,-3.715500105013546
439.1000000000373,17.976377737751555
439.20000000003733,50.451303998962594
439.30000000003736,49.45256920142565
439.4000000000374,33.07374843968907
439.5000000000374,44.578418226231214
439.6000000000374,34.217580357627796
439.70000000003745,23.86810349523657
439.80000000003747,28.48253673083058
439.9000000000375,26.7747162606414
440.0000000000375,34.678935941742665
440.10000000003754,43.87933936796827
440.20000000003756,35.7683584866896
440.3000000000376,13.45053017054715
440.4000000000376,20.299837745267993
440.50000000003763,33.58677259962202
440.60000000003765,32.41382806604795
440.7000000000377,38.08226151228802
440.8000000000377,27.761493442852696
440.9000000000377,30.401437632830085
441.00000000003774,56.418772675192066
441.10000000003777,54.10263704548509
441.2000000000378,45.180050266088564
441.3000000000378,34.87381255129055
441.40000000003783,23.351559728076435
441.50000000003786,30.647560236342265
441.6000000000379,35.55566141762287
441.7000000000379,19.048774767914164
441.8000000000379,6.216205419283551
441.90000000003795,45.73528408004726
442.00000000003797,31.166647220020906
442.100000000038,0.8559526577142353
442.200000000038,33.452426698419345
442.30000000003804,29.594038939031343
442.40000000003806,27.39975067359746
442.5000000000381,34.82974998951837
442.6000000000381,30.064347942538024
442.70000000003813,54.54334293221258
442.80000000003815,55.847231607340156
442.9000000000382,27.53740969053893
443.0000000000382,18.54958418316234
443.1000000000382,29.8861642313332
443.20000000003824,33.18346381792658
443.30000000003827,29.879201587107044
443.4000000000383,35.31231352488044
443.5000000000383,18.64581476077636
443.60000000003834,13.604130341325673
443.70000000003836,24.79811357216999
443.8000000000384,21.006116101332175
443.9000000000384,30.088679318860628
444.0000000000384,28.75669115873236
444.10000000003845,18.537555992358065
444.2000000000385,36.07670815403965
444.3000000000385,52.49916738900376
444.4000000000385,27.952226827263004
444.50000000003854,4.883676235095347
444.60000000003856,56.24010015831642
444.7000000000386,72.14940910036357
444.8000000000386,44.65241065232979
444.90000000003863,28.455118141755904
445.00000000003865,42.10296065552788
445.1000000000387,31.41358407103666
445.2000000000387,15.330241040179452
445.3000000000387,27.426159638010592
445.40000000003874,47.84153054741101
445.50000000003877,35.13340967804799
445.6000000000388,35.521398976854485
445.7000000000388,65.71944796056512
445.80000000003884,54.16477267291248
445.90000000003886,27.932107884969103
446.0000000000389,30.42766492919364
446.1000000000389,49.28922310660635
446.2000000000389,30.696640394243488
446.30000000003895,37.86506961128189
446.400000000039,49.104377099722576
446.500000000039,33.348834178542425
446.600000000039,39.401679978531924
446.70000000003904,40.77066925060737
446.80000000003906,27.509633998374756
446.9000000000391,19.2256688242908
447.0000000000391,33.93461958664789
447.10000000003913,56.23644294150979
447.20000000003915,69.7943666053725
447.3000000000392,61.316452002477746
447.4000000000392,39.50075311075923
447.5000000000392,114.73814517033614
447.60000000003924,193.69665971075443
447.70000000003927,147.37577829480904
447.8000000000393,77.03355149309165
447.9000000000393,61.55233344709737
448.00000000003934,65.15176489446742
448.10000000003936,40.34059515360314
448.2000000000394,41.326134179586596
448.3000000000394,51.30998040316124
448.4000000000394,53.147996208461976
448.50000000003945,53.021575185829676
448.6000000000395,58.82946901384505
448.7000000000395,54.58206918468635
448.8000000000395,41.26198188277004
448.90000000003954,36.84174631359163
449.00000000003956,47.98899963053164
449.1000000000396,52.933563165886554
449.2000000000396,44.91333012358316
449.30000000003963,40.63059980268676
449.40000000003965,51.51218911122217
449.5000000000397,28.503610024487035
449.6000000000397,8.117568567401626
449.7000000000397,46.19623166156299
449.80000000003974,66.48261380420834
449.90000000003977,47.82852155612149
450.0000000000398,31.426976167803993
450.1000000000398,47.04947055444661
450.20000000003984,46.884686467358726
450.30000000003986,48.250293323327114
450.4000000000399,49.60494636999346
450.5000000000399,35.30985123156246
450.6000000000399,38.54503555327977
450.70000000003995,60.96315623857384
450.80000000004,72.72435108754462
450.90000000004,53.32266907084251
451.00000000004,33.00431922008262
451.10000000004004,27.592210099880806
451.20000000004006,37.170497480240364
451.3000000000401,50.39089894811087
451.4000000000401,52.25652985885141
451.50000000004013,57.797408692478044
451.60000000004015,53.221395513864806
451.7000000000402,26.777449201342336
451.8000000000402,33.42638226883468
451.9000000000402,38.20053194245749
452.00000000004025,37.39475811700608
452.10000000004027,59.51098762671849
452.2000000000403,72.64662255716541
452.3000000000403,67.084734901943
452.40000000004034,44.386643928033465
452.50000000004036,23.863119072361794
452.6000000000404,45.063827704322925
452.7000000000404,44.67033656317379
452.8000000000404,30.194896148341712
452.90000000004045,50.8291125743647
453.0000000000405,46.74713153763056
453.1000000000405,51.260243486442256
453.2000000000405,64.74274502072694
453.30000000004054,50.76887762552021
453.40000000004056,35.364487678117946
453.5000000000406,43.26111163973695
453.6000000000406,58.982814761016684
453.70000000004063,58.30303678449048
453.80000000004065,61.60626313768382
453.9000000000407,55.99771427589352
454.0000000000407,51.47267197980481
454.1000000000407,65.90715223093363
454.20000000004075,70.51698874697028
454.30000000004077,67.37173180862874
454.4000000000408,61.5948186886602
454.5000000000408,49.98684347462298
454.60000000004084,36.338991853461785
454.70000000004086,52.64867936062871
454.8000000000409,71.59539223357608
454.9000000000409,53.24170447281473
455.0000000000409,45.979123603889995
455.10000000004095,67.7630460248149
455.200000000041,70.80361256464893
455.300000000041,39.435729569702836
455.400000000041,71.12499592543325
455.50000000004104,87.07963407004348
455.60000000004106,65.4522469310031
455.7000000000411,61.405619654403026
455.8000000000411,79.84520186205414
455.90000000004113,83.70685091088777
456.00000000004115,71.47259933983986
456.1000000000412,60.44114607335343
456.2000000000412,40.49833956542813
456.3000000000412,35.594499409650155
456.40000000004125,42.64788545065533
456.50000000004127,49.43284431625804
456.6000000000413,67.47119807852144
456.7000000000413,50.49185334233668
456.80000000004134,25.688573431298774
456.90000000004136,42.136161573198336
457.0000000000414,67.95032885718028
457.1000000000414,72.67641999661974
457.2000000000414,52.38852476417162
457.30000000004145,27.72182686869115
457.4000000000415,25.47959546309313
457.5000000000415,43.4969844236528
457.6000000000415,57.34560925046177
457.70000000004154,58.24815661888392
457.80000000004156,67.12108726453337
457.9000000000416,62.856751053998664
458.0000000000416,47.40251688126971
458.10000000004163,42.3383107755308
458.20000000004165,53.10455052039853
458.3000000000417,46.94595395242653
458.4000000000417,30.682023423632167
458.5000000000417,32.70944774059343
458.60000000004175,52.26108436695912
458.70000000004177,39.645139330807574
458.8000000000418,28.365289428681066
458.9000000000418,43.69607067425216
459.00000000004184,39.39295461324527
459.10000000004186,32.60701996361841
459.2000000000419,57.46719058620663
459.3000000000419,83.8208057727718
459.4000000000419,46.984570876579625
459.50000000004195,36.12527119948804
459.600000000042,57.92093666056418
459.700000000042,67.89381904341329
459.800000000042,51.391430042656616
459.90000000004204,40.61032224915494
460.00000000004206,38.42648691011061
460.1000000000421,34.704000798963115
460.2000000000421,30.8765244438708
460.30000000004213,36.63173197727252
460.40000000004216,32.518668160211185
460.5000000000422,27.594842763709796
460.6000000000422,54.09659883365952
460.7000000000422,80.25310572950029
460.80000000004225,61.64557863828918
460.90000000004227,25.15745603917143
461.0000000000423,26.73110991463737
461.1000000000423,25.267017316574144
461.20000000004234,46.719422733921775
461.30000000004236,58.41332601354609
461.4000000000424,28.793303379160097
461.5000000000424,81.89207459090359
461.6000000000424,94.93538666794724
461.70000000004245,60.69309281844437
461.8000000000425,72.95375587860845
461.9000000000425,57.94587003650719
462.0000000000425,54.31712216186305
462.10000000004254,59.60940402122011
462.20000000004256,43.84126991121591
462.3000000000426,50.781337115928146
462.4000000000426,67.82403326452527
462.50000000004263,49.97186843559458
462.60000000004266,15.077638809637952
462.7000000000427,53.822698961503384
462.8000000000427,38.06647724894611
462.9000000000427,1.2286601855805994
463.00000000004275,25.16055919384688
463.10000000004277,38.77561117539188
463.2000000000428,62.011166748736755
463.3000000000428,53.200346513824975
463.40000000004284,11.959858312422018
463.50000000004286,31.568021909498178
463.6000000000429,32.447625746157236
463.7000000000429,30.95265827917741
463.8000000000429,50.79348134026828
463.90000000004295,41.91690590532633
464.000000000043,32.972530409064404
464.100000000043,29.887079562209692
464.200000000043,33.56071898256271
464.30000000004304,43.94177294824742
464.40000000004306,16.237587657792528
464.5000000000431,30.079638003757143
464.6000000000431,66.5415284287199
464.70000000004313,24.926281541294898
464.80000000004316,33.53327143400635
464.9000000000432,39.12569854204026
465.0000000000432,29.97123058171956
465.1000000000432,62.90622240381473
465.20000000004325,53.62537143885892
465.30000000004327,36.9756087663142
465.4000000000433,38.70017761371145
465.5000000000433,40.703698340485325
465.60000000004334,48.39782453160231
465.70000000004336,40.81029192381816
465.8000000000434,27.57672117095959
465.9000000000434,28.303307624246326
466.0000000000434,27.60698420623738
466.10000000004345,45.572372530028616
466.2000000000435,55.80126713703739
466.3000000000435,40.39349935442644
466.4000000000435,48.596564627579966
466.50000000004354,56.523059341112614
466.60000000004356,35.352375973907655
466.7000000000436,72.54209370757079
466.8000000000436,272.8687928530597
466.90000000004363,287.68199084103367
467.00000000004366,167.01782252749916
467.1000000000437,103.44890930929826
467.2000000000437,83.32278919561334
467.3000000000437,69.24146500199663
467.40000000004375,64.8355663564921
467.50000000004377,63.98129358243876
467.6000000000438,55.65757166309025
467.7000000000438,96.6030695152365
467.80000000004384,110.11711173586043
467.90000000004386,81.12281041647086
468.0000000000439,70.21369110965409
468.1000000000439,29.048816917627036
468.20000000004393,32.21399185049122
468.30000000004395,50.07023193792405
468.400000000044,11.91690501202914
468.500000000044,27.107315955186582
468.600000000044,37.24421431772091
468.70000000004404,33.15828698797437
468.80000000004407,49.830281792373576
468.9000000000441,48.06277136221385
469.0000000000441,33.99441912598624
469.10000000004413,28.758304628111198
469.20000000004416,42.50280788896901
469.3000000000442,59.29237681656293
469.4000000000442,35.54247025214285
469.5000000000442,16.374164027168337
469.60000000004425,25.09564647200358
469.70000000004427,11.523906691127412
469.8000000000443,28.93034056788292
469.9000000000443,53.08308566758542
470.00000000004434,44.78693492541247
470.10000000004436,22.07552953722009
470.2000000000444,27.025038507281597
470.3000000000444,30.726966522893225
470.40000000004443,27.429963212133394
470.50000000004445,37.70949806345467
470.6000000000445,20.466048473635706
470.7000000000445,12.459176870906001
470.8000000000445,23.232107275940795
470.90000000004454,21.22062803775251
471.00000000004457,9.525947128200194
471.1000000000446,31.416974015210496
471.2000000000446,56.83416384155085
471.30000000004463,39.848434214707666
471.40000000004466,16.795699706711545
471.5000000000447,16.09656222929782
471.6000000000447,32.53461429496634
471.7000000000447,41.172266864539736
471.80000000004475,30.185293558057797
471.90000000004477,30.917242897520772
472.0000000000448,26.026971765147696
472.1000000000448,25.907967532174148
472.20000000004484,60.238699581180576
472.30000000004486,24.816167078482916
472.4000000000449,7.239819505956891
472.5000000000449,41.047932252583536
472.60000000004493,35.96971334062124
472.70000000004495,8.52358256202821
472.800000000045,14.46654923639277
472.900000000045,37.83756091947752
473.000000000045,38.59185371556192
473.10000000004504,54.346374739294546
473.20000000004507,32.69580786705259
473.3000000000451,9.11456035979532
473.4000000000451,32.020032580459855
473.50000000004513,36.371543733339436
473.60000000004516,34.33713760510272
473.7000000000452,17.765266006987176
473.8000000000452,3.0157931321045224
473.9000000000452,38.539669153786065
474.00000000004525,43.928693350980026
474.10000000004527,51.767794340085715
474.2000000000453,63.969188274892225
474.3000000000453,17.593202147381902
474.40000000004534,5.057905653112947
474.50000000004536,28.272959363672506
474.6000000000454,37.954959300125566
474.7000000000454,18.116678759929023
474.80000000004543,15.85201308879804
474.90000000004545,30.972289818461192
475.0000000000455,48.587064490419415
475.1000000000455,54.64116019495675
475.2000000000455,37.53642917977709
475.30000000004554,26.799918983812223
475.40000000004557,32.03347522780157
475.5000000000456,35.123710441792696
475.6000000000456,22.93062955760026
475.70000000004563,25.994085664106514
475.80000000004566,26.290364165389672
475.9000000000457,21.183128937196457
476.0000000000457,35.92375131068563
476.1000000000457,13.897067174225567
476.20000000004575,5.7606713370192795
476.30000000004577,28.16960769098912
476.4000000000458,33.718164310336064
476.5000000000458,40.042733768705254
476.60000000004584,30.396217718120187
476.70000000004586,4.9369078657178
476.8000000000459,0.9198355189591652
476.9000000000459,45.92086662243016
477.00000000004593,57.0270441070778
477.10000000004595,28.68322261510104
477.200000000046,7.942293949886146
477.300000000046,5.135528009852598
477.400000000046,27.369862324779938
477.50000000004604,27.459617209642786
477.60000000004607,5.852168416199359
477.7000000000461,21.786275852080347
477.8000000000461,29.427482085146682
477.90000000004613,31.20917215584229
478.00000000004616,32.46074784344003
478.1000000000462,23.9296395769124
478.2000000000462,22.523912010542762
478.3000000000462,11.920580266008365
478.40000000004625,3.830425422557905
478.50000000004627,19.580206596360004
478.6000000000463,35.87926710047922
478.7000000000463,31.787806620033372
478.80000000004634,18.482740270096173
478.90000000004636,26.652843775436885
479.0000000000464,56.60172083332715
479.1000000000464,26.190670801654214
479.20000000004643,5.043223797565461
479.30000000004645,32.19672963635631
479.4000000000465,42.35299494145049
479.5000000000465,57.90257006114705
479.6000000000465,49.11748087676561
479.70000000004654,36.92879401399243
479.80000000004657,59.27720498765713
479.9000000000466,52.364343966111456
480.0000000000466,32.95678260029366
480.10000000004663,9.724030860274546
480.20000000004666,-0.5684178416050818
480.3000000000467,39.0247097870504
480.4000000000467,25.894612661966512
480.5000000000467,7.111354129719722
480.60000000004675,33.48494160643744
480.70000000004677,36.36635734156694
480.8000000000468,9.437119438773475
480.9000000000468,15.708447972629545
481.00000000004684,30.508238108022965
481.10000000004686,-0.35971784099508053
481.2000000000469,29.337217565165734
481.3000000000469,29.86955338950102
481.40000000004693,11.79973213053568
481.50000000004695,37.959002647993586
481.600000000047,30.986674110067447
481.700000000047,14.478780484977062
481.800000000047,21.622179782412683
481.90000000004704,35.05475182660685
482.00000000004707,18.95142666162657
482.1000000000471,27.27605565147513
482.2000000000471,34.42150967077337
482.30000000004713,19.930006377391237
482.40000000004716,14.552361677688678
482.5000000000472,25.54920997148295
482.6000000000472,24.535766483186425
482.7000000000472,18.859264458783894
482.80000000004725,25.32755423870031
482.90000000004727,16.914202145509126
483.0000000000473,20.87194030692971
483.1000000000473,36.391734495421304
483.20000000004734,37.588523053953956
483.30000000004736,18.73129992118037
483.4000000000474,13.252972560737444
483.5000000000474,13.315709256821808
483.60000000004743,19.058972822521504
483.70000000004745,36.57249026338904
483.8000000000475,16.975954175135776
483.9000000000475,18.45736036174114
484.0000000000475,47.55291648221659
484.10000000004754,49.002109126905836
484.20000000004757,19.68177675788215
484.3000000000476,16.78661670981255
484.4000000000476,32.80141139686226
484.50000000004763,33.96531941362187
484.60000000004766,27.13355455160205
484.7000000000477,30.210022255697545
484.8000000000477,56.98354024974193
484.9000000000477,72.69841784683392
485.00000000004775,41.03631261245825
485.10000000004777,25.397251595271268
485.2000000000478,14.921095935128237
485.3000000000478,7.140199710320413
485.40000000004784,16.06025427493561
485.50000000004786,26.03524159804381
485.6000000000479,31.195861932779817
485.7000000000479,30.20100425312375
485.80000000004793,28.45592926883468
485.90000000004795,31.038738663628642
486.000000000048,22.225212176504364
486.100000000048,22.779714215610515
486.200000000048,34.90661700654661
486.30000000004804,30.183674286619475
486.40000000004807,8.478297996627234
486.5000000000481,22.565359745010664
486.6000000000481,43.60535569124694
486.70000000004814,28.16469097505518
486.80000000004816,21.980392881698002
486.9000000000482,25.038508766275218
487.0000000000482,38.46209171423183
487.1000000000482,42.482645796619245
487.20000000004825,24.923242858388768
487.30000000004827,79.22954520408005
487.4000000000483,196.11286803257423
487.5000000000483,232.798001049111
487.60000000004834,116.75767888028808
487.70000000004836,38.66887991054711
487.8000000000484,47.33881131297743
487.9000000000484,52.025095115018374
488.00000000004843,16.49683527645388
488.10000000004845,25.038744550501736
488.2000000000485,13.328919588632106
488.3000000000485,1.3768119922932742
488.4000000000485,26.739489384168227
488.50000000004854,50.63143799806027
488.60000000004857,2.168120686404965
488.7000000000486,7.262480753421694
488.8000000000486,45.74444923081478
488.90000000004864,23.482086131848565
489.00000000004866,15.547331782213941
489.1000000000487,34.099090968519015
489.2000000000487,32.45856208705037
489.3000000000487,10.512250348866878
489.40000000004875,17.287389091104796
489.5000000000488,5.461147706519604
489.6000000000488,11.522904533485546
489.7000000000488,28.941685644628752
489.80000000004884,18.57266031246749
489.90000000004886,24.99569105855484
490.0000000000489,24.321147462126973
490.1000000000489,21.320953422406212
490.20000000004893,29.664962642977788
490.30000000004895,25.64646169751512
490.400000000049,3.0888421175858785
490.500000000049,24.2861564631881
490.600000000049,55.34989743886412
490.70000000004904,15.89258681613574
490.80000000004907,6.888173617881562
490.9000000000491,12.051082844498195
491.0000000000491,13.41967987621623
491.10000000004914,18.348232138073513
491.20000000004916,18.26691243303809
491.3000000000492,20.101295274216422
491.4000000000492,21.025278807070805
491.5000000000492,20.576386525270618
491.60000000004925,26.833069480044607
491.7000000000493,36.941933210728834
491.8000000000493,34.31734064808483
491.9000000000493,20.601119318483775
492.00000000004934,7.5466884192906
492.10000000004936,-1.8353956263991327
492.2000000000494,21.337595487670622
492.3000000000494,31.482143359668427
492.40000000004943,10.968031412880432
492.50000000004945,13.896034472812142
492.6000000000495,19.60343817583478
492.7000000000495,30.505951600767148
492.8000000000495,36.410278362319566
492.90000000004954,22.932417677288488
493.00000000004957,17.50578809754319
493.1000000000496,36.6790559805017
493.2000000000496,43.51413121102758
493.30000000004964,20.400219774061878
493.40000000004966,10.378328834182598
493.5000000000497,22.42694428277362
493.6000000000497,31.668753936104707
493.7000000000497,24.932003139663937
493.80000000004975,11.28766744731714
493.9000000000498,-0.33497393742932147
494.0000000000498,5.8393208351484285
494.1000000000498,19.032919116940114
494.20000000004984,25.778516652609163
494.30000000004986,29.726249845617303
494.4000000000499,16.168811056883797
494.5000000000499,14.815366893794167
494.60000000004993,24.608902049317816
494.70000000004995,20.12497961230654
494.80000000005,27.196241148581578
494.90000000005,5.623583577872489
495.00000000005,8.616889269972344
495.10000000005004,46.36102021602668
495.20000000005007,14.885018944223397
495.3000000000501,32.106211378829
495.4000000000501,39.97386440240145
495.50000000005014,11.261480725332335
495.60000000005016,15.643786846980436
495.7000000000502,16.99255521318623
495.8000000000502,16.370494439660227
495.9000000000502,11.036278296814883
496.00000000005025,9.050567696595907
496.1000000000503,30.25412491332768
496.2000000000503,15.853124896750948
496.3000000000503,12.778360235656613
496.40000000005034,23.6668701945049
496.50000000005036,4.40829917867024
496.6000000000504,25.683229853772655
496.7000000000504,33.40014607843578
496.80000000005043,15.351358391099721
496.90000000005045,11.90184292074676
497.0000000000505,28.095302525886197
497.1000000000505,20.380173243152885
497.2000000000505,19.280226459269237
497.30000000005055,29.190493016587098
497.40000000005057,18.0081843659774
497.5000000000506,14.805454879979024
497.6000000000506,1.4328706332014898
497.70000000005064,-7.269965301068382
497.80000000005066,12.203502233992236
497.9000000000507,33.71941853411099
498.0000000000507,14.131790855795051
498.1000000000507,8.49994167904453
498.20000000005075,27.604712419698124
498.3000000000508,18.73104773057284
498.4000000000508,-2.922471234553799
498.5000000000508,10.301810697691556
498.60000000005084,17.16640904479834
498.70000000005086,1.7926986151441817
498.8000000000509,17.84537213319073
498.9000000000509,-20.691873621154144
499.00000000005093,15.088438236769504
499.10000000005095,68.8395267744115
499.200000000051,8.532441473147927
499.300000000051,32.91237519374236
499.400000000051,40.45931728126851
499.50000000005105,18.36406905983933
499.60000000005107,17.599062480724918
499.7000000000511,21.281182195198948
499.8000000000511,28.373200309634218
499.90000000005114,29.01176110327397
500.00000000005116,13.315198247624437
500.1000000000512,-0.787440267444474
500.2000000000512,22.516554466568817
500.3000000000512,27.283893490791293
500.40000000005125,17.515420998019604
500.5000000000513,17.468518220629367
500.6000000000513,18.94927552080337
500.7000000000513,21.635888788003392
500.80000000005134,18.264106815547596
500.90000000005136,17.74361244905624
501.0000000000514,19.026070234414426
501.1000000000514,1.157493668241711
501.20000000005143,16.153570449664322
501.30000000005145,40.26718286449822
501.4000000000515,27.52241736527397
501.5000000000515,-4.059891530242334
501.6000000000515,16.6433033918619
501.70000000005155,39.739288149475705
501.80000000005157,22.8693199776725
501.9000000000516,-3.0635446193803255
502.0000000000516,10.766173575407738
502.10000000005164,9.041621012117986
502.20000000005166,-1.6620087004862314
502.3000000000517,6.202465585041455
502.4000000000517,21.279072296910012
502.5000000000517,10.739226655998886
502.60000000005175,23.939975692623737
502.7000000000518,30.618698951934423
502.8000000000518,-0.7483114971790092
502.9000000000518,-19.006508489260664
503.00000000005184,4.387066058291621
503.10000000005186,-0.3163524142657736
503.2000000000519,-7.503134306813896
503.3000000000519,27.4804880870923
503.40000000005193,23.028469444121125
503.50000000005195,27.80765265751048
503.600000000052,23.01198420995435
503.700000000052,11.674656492829797
503.800000000052,32.4620178365446
503.90000000005205,21.844708128369852
504.00000000005207,13.258389804948134
504.1000000000521,23.63888558590547
504.2000000000521,28.97315008236687
504.30000000005214,19.054219017000857
504.40000000005216,23.091211780429663
504.5000000000522,14.958308582912931
504.6000000000522,2.148776049701124
504.7000000000522,11.205016953766538
504.80000000005225,7.218312268377474
504.9000000000523,21.50525734811068
505.0000000000523,30.233805521877166
505.1000000000523,5.616717111698824
505.20000000005234,-17.148957134007777
505.30000000005236,4.973451192728509
505.4000000000524,2.4732352184693567
505.5000000000524,3.8172423121144696
505.60000000005243,37.49818638615113
505.70000000005246,10.40710258293972
505.8000000000525,5.462124546090418
505.9000000000525,23.877673140611382
506.0000000000525,30.109528945963223
506.10000000005255,20.987264940173915
506.20000000005257,7.839286819174112
506.3000000000526,-0.43656579230136483
506.4000000000526,-1.1082057553167588
506.50000000005264,2.8505214909983585
506.60000000005266,11.610203258264256
506.7000000000527,31.97461570382911
506.8000000000527,12.52325555702641
506.9000000000527,-1.5325155415299934
507.00000000005275,34.107101607756334
507.1000000000528,34.669095691313075
507.2000000000528,28.73022361550555
507.3000000000528,24.668051936508824
507.40000000005284,19.741142712961388
507.50000000005286,25.44178813378018
507.6000000000529,41.758171761263654
507.7000000000529,24.116194771694857
507.80000000005293,1.8990114963935545
507.90000000005296,16.772974490812135
508.000000000053,37.94800302261995
508.100000000053,11.182684149905223
508.200000000053,-5.391245446021041
508.30000000005305,7.893562378869676
508.40000000005307,16.37936902689731
508.5000000000531,11.544648586245584
508.6000000000531,2.462681053012981
508.70000000005314,7.137269324820876
508.80000000005316,5.336204923692041
508.9000000000532,-14.716163940696243
509.0000000000532,5.479827519742875
509.1000000000532,3.551497824981287
509.20000000005325,-2.7045654900246783
509.3000000000533,13.029803090325785
509.4000000000533,17.012967632159672
509.5000000000533,19.107362349181045
509.60000000005334,5.082156837115481
509.70000000005336,-3.892403443065562
509.8000000000534,17.25673060639824
509.9000000000534,37.32229282068927
510.00000000005343,14.516383109590533
510.10000000005346,11.535069230906121
510.2000000000535,29.79152444901235
510.3000000000535,18.408849529688045
510.4000000000535,13.23946431823922
510.50000000005355,25.153571945173635
510.60000000005357,17.479501814830943
510.7000000000536,3.246244439139043
510.8000000000536,27.446106635253717
510.90000000005364,35.53174555911529
511.00000000005366,21.369824356001274
511.1000000000537,3.2876278761847075
511.2000000000537,4.131637640676096
511.3000000000537,22.549309402548893
511.40000000005375,1.4926123164334182
511.5000000000538,-1.2365234170861523
511.6000000000538,17.932351655648056
511.7000000000538,14.930300373174289
511.80000000005384,8.7710431337221
511.90000000005386,16.65334921229526
512.0000000000539,12.666300508311084
512.1000000000539,8.906049394958263
512.2000000000539,31.862677654289158
512.300000000054,35.70576504583907
512.400000000054,18.754620582805554
512.500000000054,-2.1235761807385374
512.600000000054,-0.2246132450093249
512.700000000054,24.630060963609466
512.8000000000541,12.474548247048991
512.9000000000541,10.286739258159088
513.0000000000541,20.210001675511517
513.1000000000541,14.070840239923411
513.2000000000542,7.354919632361915
513.3000000000542,22.421062271129887
513.4000000000542,20.558068018735042
513.5000000000542,13.6877412573532
513.6000000000543,31.20972364164797
513.7000000000543,34.02453596381815
513.8000000000543,-1.3341414650491266
513.9000000000543,-9.18905419391941
514.0000000000543,16.48556760114046
514.1000000000544,23.292940729013758
514.2000000000544,21.994282873775738
514.3000000000544,13.949509751355349
514.4000000000544,18.580990550507355
514.5000000000545,26.731263749586393
514.6000000000545,9.644020327835253
514.7000000000545,-4.067304672086042
514.8000000000545,20.830534574844894
514.9000000000545,35.08213006704043
515.0000000000546,15.013462154074395
515.1000000000546,14.156053633482163
515.2000000000546,25.864112068653437
515.3000000000546,22.7141944350238
515.4000000000547,29.372609280473426
515.5000000000547,44.52820234501664
515.6000000000547,16.796943889015516
515.7000000000547,15.109310024008371
515.8000000000548,26.57173739065904
515.9000000000548,25.93750218848273
516.0000000000548,23.504827081986193
516.1000000000548,29.478057453698487
516.2000000000548,13.65776305585074
516.3000000000549,14.034019569463181
516.4000000000549,23.024971988514245
516.5000000000549,9.297418414615862
516.6000000000549,17.49686000035632
516.700000000055,10.49924496414743
516.800000000055,23.131736224758654
516.900000000055,49.02351760112988
517.000000000055,35.04749089751027
517.100000000055,26.575377638512162
517.2000000000551,31.63296868790842
517.3000000000551,22.573862502572727
517.4000000000551,8.224710973839958
517.5000000000551,22.12160854717006
517.6000000000552,25.506167055347255
517.7000000000552,10.021536397722741
517.8000000000552,29.98783848057297
517.9000000000552,68.09480672154476
518.0000000000553,42.92667991694714
518.1000000000553,43.21581957233762
518.2000000000553,50.58057536835563
518.3000000000553,44.79876017782072
518.4000000000553,49.066808897428785
518.5000000000554,71.90560855025991
518.6000000000554,62.98947158762834
518.7000000000554,51.2273023302532
518.8000000000554,50.708222839424955
518.9000000000555,42.47569461416362
519.0000000000555,38.416185521604014
519.1000000000555,80.06476406488618
519.2000000000555,64.5949184227103
519.3000000000555,50.52667474832481
519.4000000000556,107.63770635250125
519.5000000000556,71.70841471614683
519.6000000000556,94.57946035289693
519.7000000000556,99.0744607340788
519.8000000000557,85.66186866477832
519.9000000000557,131.30528795852143
520.0000000000557,110.93199680508447
520.1000000000557,148.93131954238603
520.2000000000558,213.78115965270666
520.3000000000558,250.8057949248311
520.4000000000558,330.45190673468824
520.5000000000558,498.28470841451576
520.6000000000558,563.7990839937938
520.7000000000559,1031.798456317063
520.8000000000559,3020.8106745585173
520.9000000000559,5115.320972140622
521.0000000000559,2430.935687316245
521.100000000056,588.7438836559106
521.200000000056,477.7617716751737
521.300000000056,235.01824770316148
521.400000000056,229.25643655815858
521.500000000056,172.7317760611525
521.6000000000561,115.53559706725973
521.7000000000561,111.27662090309268
521.8000000000561,100.86471057789159
521.9000000000561,55.71139459796394
522.0000000000562,57.42050784257452
522.1000000000562,62.506094674920334
522.2000000000562,64.80274936681438
522.3000000000562,74.49953293455991
522.4000000000563,61.07435473637246
522.5000000000563,37.79203274182411
522.6000000000563,53.4777307464704
522.7000000000563,68.87125358964181
522.8000000000563,49.0161302210659
522.9000000000564,36.98368484847359
523.0000000000564,21.136320522028107
523.1000000000564,18.40509987289237
523.2000000000564,27.402420697016076
523.3000000000565,30.05598307462366
523.4000000000565,31.87118717817497
523.5000000000565,57.963980788863715
523.6000000000565,45.122475334411085
523.7000000000565,17.867297427563134
523.8000000000566,32.89367378607928
523.9000000000566,56.38487023433296
524.0000000000566,55.587981781325226
524.1000000000566,30.289150351338346
524.2000000000567,19.56406401440886
524.3000000000567,31.609197312715786
524.4000000000567,25.545587669319332
524.5000000000567,32.37001176783287
524.6000000000568,29.71972481574016
524.7000000000568,36.864980229448335
524.8000000000568,55.789489612637624
524.9000000000568,31.889081564405505
525.0000000000568,43.07680707039555
525.1000000000569,27.30736916714259
525.2000000000569,-1.1716935407216011
525.3000000000569,17.631515842307238
525.4000000000569,37.09004776392016
525.500000000057,25.625858935397634
525.600000000057,25.526171413363503
525.700000000057,24.313996668134205
525.800000000057,2.353497394911119
525.900000000057,8.682388846039151
526.0000000000571,22.854310370077457
526.1000000000571,23.833375862469683
526.2000000000571,26.684510455427002
526.3000000000571,43.625906941389644
526.4000000000572,47.45806231922164
526.5000000000572,26.078167537496398
526.6000000000572,28.65564116470455
526.7000000000572,40.55908859678038
526.8000000000573,28.26823361306936
526.9000000000573,27.438940705364107
527.0000000000573,43.395200509107895
527.1000000000573,35.18166359886627
527.2000000000573,10.250538358957836
527.3000000000574,9.798230625345477
527.4000000000574,33.504297190915516
527.5000000000574,39.54037882456066
527.6000000000574,25.50627257070922
527.7000000000575,18.869933920769288
527.8000000000575,33.319754555295596
527.9000000000575,45.72810748683582
528.0000000000575,29.75963849615802
528.1000000000575,13.765295723022737
528.2000000000576,15.682964015726391
528.3000000000576,25.3306373099213
528.4000000000576,28.725305767819783
528.5000000000576,20.265139714554948
528.6000000000577,8.112538910181993
528.7000000000577,16.6415279097651
528.8000000000577,32.09603892621794
528.9000000000577,21.68835805629795
529.0000000000578,40.66359937093405
529.1000000000578,9.290905058648484
529.2000000000578,-4.304440619982206
529.3000000000578,36.990734702308465
529.4000000000578,24.532928506730766
529.5000000000579,25.878730937105473
529.6000000000579,26.59708411675691
529.7000000000579,12.539006316406502
529.8000000000579,9.293578188706562
529.900000000058,29.433859438813013
530.000000000058,27.252681783912497
530.100000000058,21.361178306091364
530.200000000058,15.967703719048142
530.300000000058,11.646347770692692
530.4000000000581,22.479171070105167
530.5000000000581,37.796188089050425
530.6000000000581,39.82481227177924
530.7000000000581,33.20381255738022
530.8000000000582,23.58245570799993
530.9000000000582,18.042234066161445
531.0000000000582,34.65146069489853
531.1000000000582,13.358354207461954
531.2000000000583,2.712350060166687
531.3000000000583,13.82033089181786
531.4000000000583,3.301510555086331
531.5000000000583,20.712698643131628
531.6000000000583,37.35036860853515
531.7000000000584,37.71355215457665
531.8000000000584,30.182668499066455
531.9000000000584,21.99154628991242
532.0000000000584,13.09065797586543
532.1000000000585,12.657154845295459
532.2000000000585,2.0954416111415437
532.3000000000585,8.203650523006377
532.4000000000585,35.45888133598487
532.5000000000585,17.986920565696668
532.6000000000586,38.28153043626358
532.7000000000586,48.361883117326414
532.8000000000586,20.16289199672972
532.9000000000586,-1.2834148434421344
533.0000000000587,9.671773475492312
533.1000000000587,25.156682596686686
533.2000000000587,24.850548596031686
533.3000000000587,19.2353842569645
533.4000000000588,24.737610162198777
533.5000000000588,35.687186732313094
533.6000000000588,34.89464632348687
533.7000000000588,26.226621664947228
533.8000000000588,16.506206130780125
533.9000000000589,26.184781652574777
534.0000000000589,55.84228856306248
534.1000000000589,39.01612697523395
534.2000000000589,29.014392707177574
534.300000000059,28.376191103737447
534.400000000059,29.787388279100675
534.500000000059,41.35971242827524
534.600000000059,26.391964960139635
534.700000000059,37.165271760105554
534.8000000000591,23.92628489603389
534.9000000000591,0.7416648071390028
535.0000000000591,19.402111148260715
535.1000000000591,7.116883131853868
535.2000000000592,29.396752353085187
535.3000000000592,40.76940096983598
535.4000000000592,27.948738069622905
535.5000000000592,33.12565189370366
535.6000000000593,41.444250340769095
535.7000000000593,31.691181959838612
535.8000000000593,18.57252217549403
535.9000000000593,26.89274569646091
536.0000000000593,45.30173158167149
536.1000000000594,36.385375498983485
536.2000000000594,17.31894686283132
536.3000000000594,16.99798889985751
536.4000000000594,15.942251137855664
536.5000000000595,13.422529652094887
536.6000000000595,29.351575657214983
536.7000000000595,12.625669351813096
536.8000000000595,23.392997345529018
536.9000000000595,36.76999405632859
537.0000000000596,29.344145857126907
537.1000000000596,28.276544431251903
537.2000000000596,16.97129596453506
537.3000000000596,11.548497717416378
537.4000000000597,31.17827048859163
537.5000000000597,40.5796255196794
537.6000000000597,21.94518584722568
537.7000000000597,29.977993518242585
537.8000000000598,18.056814572382173
537.9000000000598,9.651105699659107
538.0000000000598,21.887461076470686
538.1000000000598,34.04627495230528
538.2000000000598,34.27592649426227
538.3000000000599,36.831240250944916
538.4000000000599,35.10665208225332
538.5000000000599,28.39493796542435
538.6000000000599,22.214692313663402
538.70000000006,19.258310334572375
538.80000000006,25.47705246960689
538.90000000006,39.995552958647416
539.00000000006,24.418383162580454
539.10000000006,17.424897999488422
539.2000000000601,53.51419726783146
539.3000000000601,27.741777991008146
539.4000000000601,15.045185752626569
539.5000000000601,26.57256018887826
539.6000000000602,38.89930890888376
539.7000000000602,43.09248716731241
539.8000000000602,38.34723582269223
539.9000000000602,43.779509129442594
540.0000000000603,47.72565270142967
540.1000000000603,55.21044320664339
540.2000000000603,71.8838405562527
540.3000000000603,76.84329220952465
540.4000000000603,60.55144659237455
540.5000000000604,58.346893794042224
540.6000000000604,45.31764865322919
540.7000000000604,28.070471259467897
540.8000000000604,40.386569400074116
540.9000000000605,34.270402294135
541.0000000000605,30.397344085751005
541.1000000000605,32.77291875700899
541.2000000000605,41.25774648027632
541.3000000000605,46.573162632664975
541.4000000000606,31.933069096145527
541.5000000000606,40.89258199436792
541.6000000000606,45.303343450974516
541.7000000000606,50.09434016902516
541.8000000000607,58.61856604405088
541.9000000000607,38.6970344864464
542.0000000000607,20.916242463646533
542.1000000000607,38.928573324202674
542.2000000000608,32.86752784550086
542.3000000000608,22.13874691885773
542.4000000000608,57.746338319072194
542.5000000000608,43.848347007503385
542.6000000000608,39.295586145678605
542.7000000000609,36.22349268467466
542.8000000000609,36.67198972960345
542.9000000000609,48.545201259140505
543.0000000000609,43.911143186798746
543.100000000061,57.29639933829193
543.200000000061,55.13737319906132
543.300000000061,53.47348186830647
543.400000000061,73.67630626519401
543.500000000061,73.88147848853194
543.6000000000611,31.882130510056534
543.7000000000611,58.44218292167854
543.8000000000611,78.58675864270933
543.9000000000611,64.1553161543878
544.0000000000612,69.04444476654723
544.1000000000612,61.203852180622846
544.2000000000612,84.31070467376334
544.3000000000612,91.12528742839126
544.4000000000613,90.91732184972253
544.5000000000613,88.95320411284528
544.6000000000613,66.94307074333054
544.7000000000613,128.8585792605059
544.8000000000613,125.87582739957259
544.9000000000614,139.63690567594173
545.0000000000614,194.47991083295705
545.1000000000614,178.05490407716704
545.2000000000614,163.50165782609437
545.3000000000615,198.60975623061177
545.4000000000615,216.55398625435942
545.5000000000615,249.00868689429146
545.6000000000615,310.98054647240593
545.7000000000616,307.1535888543971
545.8000000000616,326.1194254061118
545.9000000000616,457.4050379121746
546.0000000000616,579.1666762663584
546.1000000000616,775.9622457474924
546.2000000000617,1034.820284225782
546.3000000000617,1305.7665572252963
546.4000000000617,3909.526791684875
546.5000000000617,7049.1827400618995
546.6000000000618,5954.821914118761
546.7000000000618,1733.8778400865324
546.8000000000618,1006.0265200323435
546.9000000000618,748.5970478259732
547.0000000000618,868.1995195009155
547.1000000000619,1227.0936222076812
547.2000000000619,1050.610700608989
547.3000000000619,477.44434939495545
547.4000000000619,319.83832270406214
547.500000000062,257.7148403400278
547.600000000062,208.7838785761471
547.700000000062,174.59960847334435
547.800000000062,138.39179276365724
547.900000000062,157.44940650366726
548.0000000000621,110.31379416599889
548.1000000000621,126.40586149113008
548.2000000000621,132.19915628323602
548.3000000000621,97.8834271338438
548.4000000000622,118.5728586291257
548.5000000000622,102.41939273629693
548.6000000000622,81.55514545445922
548.7000000000622,74.89451212632548
548.8000000000623,75.9470750868971
548.9000000000623,71.64802054300571
549.0000000000623,62.06247950026144
549.1000000000623,73.66767716819663
549.2000000000623,55.43213263123381
549.3000000000624,44.016606518285066
549.4000000000624,59.84311260744589
549.5000000000624,68.90874954567606
549.6000000000624,76.2191492891768
549.7000000000625,52.03341546714367
549.8000000000625,58.76942872754426
549.9000000000625,55.4259267967616
550.0000000000625,19.702299929069703
550.1000000000626,37.09848856434542
550.2000000000626,59.5123037798086
550.3000000000626,49.21919603354957
550.4000000000626,40.5438936338708
550.5000000000626,54.602618663071496
550.6000000000627,62.858578444665625
550.7000000000627,49.35790595616811
550.8000000000627,50.62961996006653
550.9000000000627,46.32126280248441
551.0000000000628,46.10958170344982
551.1000000000628,39.6990276989093
551.2000000000628,18.333743604974373
551.3000000000628,57.145153342432046
551.4000000000628,36.86082485199714
551.5000000000629,55.37478014466791
551.6000000000629,83.33625007910517
551.7000000000629,42.350448683916404
551.8000000000629,41.382561573748966
551.900000000063,52.807717498947675
552.000000000063,63.163467363616796
552.100000000063,51.46628794239299
552.200000000063,44.50935411765734
552.300000000063,59.95857433845859
552.4000000000631,34.26539608694752
552.5000000000631,36.763437277468825
552.6000000000631,58.05054537908805
552.7000000000631,50.640328129532925
552.8000000000632,33.41375983775297
552.9000000000632,38.57494042494129
553.0000000000632,10.551360158454997
553.1000000000632,61.964829892622255
553.2000000000633,55.70121195591413
553.3000000000633,4.339281150492733
553.4000000000633,32.0735228748757
553.5000000000633,53.588040032239654
553.6000000000633,35.85963422588845
553.7000000000634,45.11160848980839
553.8000000000634,45.58772056327952
553.9000000000634,33.60316237561322
554.0000000000634,40.28179382718763
554.1000000000635,11.512559991511262
554.2000000000635,42.84646133528139
554.3000000000635,53.13038425078576
554.4000000000635,51.605184657842294
554.5000000000636,60.90005112461168
554.6000000000636,31.3269326560536
554.7000000000636,30.270271024834983
554.8000000000636,61.31449255498127
554.9000000000636,67.59477365189733
555.0000000000637,54.6442467625707
555.1000000000637,59.74997717841576
555.2000000000637,63.82063349338466
555.3000000000637,46.53500866655059
555.4000000000638,46.04851848227337
555.5000000000638,51.55232998831437
555.6000000000638,62.77953136126656
555.7000000000638,81.60009196718676
555.8000000000638,70.30826553302678
555.9000000000639,68.57974575976537
556.0000000000639,47.3974854588214
556.1000000000639,47.597232891682296
556.2000000000639,75.8320799701209
556.300000000064,63.73121379367905
556.400000000064,22.07871947480662
556.500000000064,14.417436252407807
556.600000000064,35.755593361644856
556.700000000064,30.07798351253066
556.8000000000641,13.703000975331902
556.9000000000641,37.28663061193009
557.0000000000641,32.50313257903791
557.1000000000641,43.38632300283204
557.2000000000642,33.403289119897856
557.3000000000642,31.551742846501593
557.4000000000642,51.31639284431736
557.5000000000642,22.225951300240876
557.6000000000643,22.383238939368052
557.7000000000643,30.2153893875197
557.8000000000643,35.56715684901801
557.9000000000643,35.608817472780736
558.0000000000643,19.47470155541911
558.1000000000644,11.955215736451317
558.2000000000644,58.209469414088815
558.3000000000644,26.584412361888965
558.4000000000644,29.558142092056244
558.5000000000645,65.23100289113506
558.6000000000645,11.907758296158
558.7000000000645,0.8497509339594798
558.8000000000645,43.880128810943425
558.9000000000646,27.86810947671094
559.0000000000646,18.29395782158434
559.1000000000646,36.940197980195244
559.2000000000646,16.069568644154682
559.3000000000646,35.9049457684456
559.4000000000647,44.315573088478864
559.5000000000647,23.87992108313205
559.6000000000647,26.860873651815396
559.7000000000647,54.325367379294505
559.8000000000648,47.6057991114342
559.9000000000648,26.72594310703777
560.0000000000648,39.96656654967937
560.1000000000648,32.099825758539005
560.2000000000648,19.283963878021396
560.3000000000649,44.255804734626615
560.4000000000649,54.01594377132025
560.5000000000649,2.9624815091972287
560.6000000000649,20.06062655578721
560.700000000065,39.03918484132838
560.800000000065,20.718443741109667
560.900000000065,30.115035360522036
561.000000000065,61.38697879017582
561.100000000065,19.808243921861738
561.2000000000651,38.17990776265299
561.3000000000651,45.36436087083128
561.4000000000651,31.945139453181568
561.5000000000651,43.55205953987668
561.6000000000652,28.754657766901616
561.7000000000652,13.314045527818614
561.8000000000652,10.140869669261852
561.9000000000652,25.997014883022466
562.0000000000653,58.13509442363679
562.1000000000653,65.40532163561888
562.2000000000653,29.721930178486367
562.3000000000653,47.48788789641119
562.4000000000653,56.794617500482616
562.5000000000654,49.48419411454061
562.6000000000654,49.45019407052852
562.7000000000654,53.58092091775641
562.8000000000654,44.23057511645845
562.9000000000655,17.263034599147236
563.0000000000655,28.967520786339996
563.1000000000655,35.446471704888076
563.2000000000655,30.784310114733117
563.3000000000656,36.613664196562596
563.4000000000656,31.738238879999404
563.5000000000656,58.69686346349161
563.6000000000656,43.610649590978056
563.7000000000656,18.480816308383645
563.8000000000657,30.46238739056213
563.9000000000657,47.42387545872978
564.0000000000657,24.679970919263333
564.1000000000657,1.0337219990292823
564.2000000000658,53.69474373003961
564.3000000000658,52.089290814172934
564.4000000000658,15.948582814576238
564.5000000000658,32.51349206476726
564.6000000000658,25.42458862220841
564.7000000000659,27.15527933268877
564.8000000000659,9.038150044861485
564.9000000000659,21.112963463755126
565.0000000000659,42.11597103806584
565.100000000066,26.424790123023683
565.200000000066,21.175704476779565
565.300000000066,32.61870435437128
565.400000000066,33.199966818525304
565.500000000066,34.8204337309718
565.6000000000661,33.71438114873134
565.7000000000661,35.41114360853368
565.8000000000661,48.38195458304472
565.9000000000661,14.888690612705675
566.0000000000662,34.09998641627979
566.1000000000662,45.03381816671088
566.2000000000662,25.7061951486453
566.3000000000662,26.713011630595116
566.4000000000663,37.258905535660645
566.5000000000663,24.231003350801416
566.6000000000663,39.21773785055868
566.7000000000663,94.03885165991655
566.8000000000663,86.97924406916019
566.9000000000664,29.71917180769487
567.0000000000664,44.275578244540796
567.1000000000664,60.30715313503849
567.2000000000664,50.28209924230269
567.3000000000665,45.70966489267359
567.4000000000665,40.2476592330961
567.5000000000665,23.293837620659488
567.6000000000665,18.712750262693007
567.7000000000666,29.712260206482412
567.8000000000666,26.46046826775842
567.9000000000666,33.01924775091088
568.0000000000666,22.67865040939456
568.1000000000666,16.177112689480204
568.2000000000667,38.029598532231915
568.3000000000667,17.503948839044725
568.4000000000667,41.11454834515385
568.5000000000667,40.537829310751114
568.6000000000668,29.44670565856239
568.7000000000668,36.19552999234185
568.8000000000668,37.07365400012114
568.9000000000668,28.40566791461394
569.0000000000668,9.048280553841902
569.1000000000669,26.137381078731654
569.2000000000669,8.119074973681048
569.3000000000669,7.01454439216193
569.4000000000669,45.13883654210354
569.500000000067,7.451680026992824
569.600000000067,37.3743287980744
569.700000000067,28.787231798676594
569.800000000067,17.24484119025879
569.900000000067,27.300024222030558
570.0000000000671,35.11474423535004
570.1000000000671,45.24060217157923
570.2000000000671,30.958257154637067
570.3000000000671,20.677582357940604
570.4000000000672,18.350674170105577
570.5000000000672,30.420000968673172
570.6000000000672,39.251616813567566
570.7000000000672,23.117220436615607
570.8000000000673,18.520486140869032
570.9000000000673,28.969286167868443
571.0000000000673,20.433017206134384
571.1000000000673,28.052713847761577
571.2000000000673,31.095996934389255
571.3000000000674,8.542545746950209
571.4000000000674,27.236950234929726
571.5000000000674,9.849783433034059
571.6000000000674,40.07209884092229
571.7000000000675,40.51635170952219
571.8000000000675,27.506719717014054
571.9000000000675,37.26637745163685
572.0000000000675,4.303307699579997
572.1000000000676,40.29081976840944
572.2000000000676,35.214293361286664
572.3000000000676,23.31658706700368
572.4000000000676,26.75543523672427
572.5000000000676,32.7042525706443
572.6000000000677,34.70796530419388
572.7000000000677,2.518491480847141
572.8000000000677,32.690095379202766
572.9000000000677,28.13216972238345
573.0000000000678,23.09978971692734
573.1000000000678,36.81338320873158
573.2000000000678,22.193901384328672
573.3000000000678,19.830003300711105
573.4000000000678,6.270343054461342
573.5000000000679,37.05571525522293
573.6000000000679,51.45856218777443
573.7000000000679,32.692665669858506
573.8000000000679,22.602110566359418
573.900000000068,22.552388206209947
574.000000000068,33.888305983319896
574.100000000068,8.006942436122845
574.200000000068,23.1533627282806
574.300000000068,30.559514120956646
574.4000000000681,15.069903486355715
574.5000000000681,33.45174536723036
574.6000000000681,18.74911673608817
574.7000000000681,30.72476367953641
574.8000000000682,30.932214281517908
574.9000000000682,14.350896341636359
575.0000000000682,17.931571596522357
575.1000000000682,37.242303318379314
575.2000000000683,33.32460489176613
575.3000000000683,23.66479806307637
575.4000000000683,28.52722721762925
575.5000000000683,31.513887596069058
575.6000000000683,18.93602213379358
575.7000000000684,12.824503979362547
575.8000000000684,30.903817051442946
575.9000000000684,39.07942281083913
576.0000000000684,25.485621872199566
576.1000000000685,44.87140986533169
576.2000000000685,31.292130138648083
576.3000000000685,12.227433426415663
576.4000000000685,21.248997823391697
576.5000000000686,-2.8754051341226594
576.6000000000686,70.09158664309814
576.7000000000686,44.74228144019576
576.8000000000686,10.90203771836297
576.9000000000686,28.40157893276748
577.0000000000687,25.430188915403914
577.1000000000687,5.774189834401495
577.2000000000687,36.46183304539764
577.3000000000687,49.886856218771086
577.4000000000688,33.15502255256299
577.5000000000688,29.687480879559374
577.6000000000688,32.18456607303744
577.7000000000688,22.702308253125693
577.8000000000688,26.3232769701566
577.9000000000689,26.999237741126286
578.0000000000689,39.98976838496013
578.1000000000689,32.481981681671144
578.2000000000689,39.27088945832469
578.300000000069,56.269374921129675
578.400000000069,43.84346980250855
578.500000000069,45.05696826644676
578.600000000069,20.008407584592103
578.700000000069,23.431331888709916
578.8000000000691,32.64063058966979
578.9000000000691,31.834716291488117
579.0000000000691,30.934669620933825
579.1000000000691,23.158053057010886
579.2000000000692,25.93821958132681
579.3000000000692,28.098939718589843
579.4000000000692,44.8150180837128
579.5000000000692,38.24806612905962
579.6000000000693,13.908090875332775
579.7000000000693,14.21143942328639
579.8000000000693,18.309344628827603
579.9000000000693,15.592284468717532
580.0000000000693,24.774046622673303
580.1000000000694,16.467422629863037
580.2000000000694,28.601077182124264
580.3000000000694,42.05084817581037
580.4000000000694,21.33977768342235
580.5000000000695,48.45141130640917
580.6000000000695,12.486293369267695
580.7000000000695,20.832242878783106
580.8000000000695,28.478940255249274
580.9000000000696,37.907503709390504
581.0000000000696,53.251238557987456
581.1000000000696,17.451990389693833
581.2000000000696,32.3056571482314
581.3000000000696,31.86844395834065
581.4000000000697,11.424373622249096
581.5000000000697,20.014556137936875
581.6000000000697,34.84103004747511
581.7000000000697,22.302243597577498
581.8000000000698,23.47308297521927
581.9000000000698,34.565220432910905
582.0000000000698,21.181244224123795
582.1000000000698,20.787747863019902
582.2000000000698,24.609361758171424
582.3000000000699,24.052611677163164
582.4000000000699,34.54423768313304
582.5000000000699,34.47019210925876
582.6000000000699,26.536585015360664
582.70000000007,40.89229893647405
582.80000000007,40.84060756359265
582.90000000007,24.426134911765498
583.00000000007,19.461511434242112
583.10000000007,31.770404549383795
583.2000000000701,41.40167442998973
583.3000000000701,3.8831593965418785
583.4000000000701,28.562386991027633
583.5000000000701,41.673529876092104
583.6000000000702,19.02243677672977
583.7000000000702,13.049068844234862
583.8000000000702,11.748510046564109
583.9000000000702,4.383110954929172
584.0000000000703,12.467127101152197
584.1000000000703,28.002011585022146
584.2000000000703,37.5582982153182
584.3000000000703,31.597626608662615
584.4000000000703,23.005114574581373
584.5000000000704,27.4138592673666
584.6000000000704,26.838056026137696
584.7000000000704,35.37321014807367
584.8000000000704,24.371976916199745
584.9000000000705,19.31388722778581
585.0000000000705,35.458460872315825
585.1000000000705,35.37583804672645
585.2000000000705,16.264368472004143
585.3000000000706,32.24579884450237
585.4000000000706,26.24913735216993
585.5000000000706,25.677887335307133
585.6000000000706,49.314875976119446
585.7000000000706,43.85491231895043
585.8000000000707,25.988927077369258
585.9000000000707,51.259556174460585
586.0000000000707,22.76983770111217
586.1000000000707,26.112189836558546
586.2000000000708,38.19140794540509
586.3000000000708,36.20228674757594
586.4000000000708,42.3538891635097
586.5000000000708,45.29827497670088
586.6000000000708,24.942470361140455
586.7000000000709,34.25319383090657
586.8000000000709,34.2243257812749
586.9000000000709,34.01884425320334
587.0000000000709,24.691168473686158
587.100000000071,25.270938571128852
587.200000000071,38.50394783790272
587.300000000071,30.1886315926677
587.400000000071,33.090645295153806
587.500000000071,15.230968630601568
587.6000000000711,18.618867709467466
587.7000000000711,17.73360939823548
587.8000000000711,23.069998557645004
587.9000000000711,43.9852087149755
588.0000000000712,34.53947057013105
588.1000000000712,32.5838113957017
588.2000000000712,40.431601600219295
588.3000000000712,19.90566779552948
588.4000000000713,32.19683810150937
588.5000000000713,39.5546129951383
588.6000000000713,23.340998903545152
588.7000000000713,23.116174488739087
588.8000000000713,22.945341598784545
588.9000000000714,338.3108764006896
589.0000000000714,391.194215373994
589.1000000000714,146.8483357716309
589.2000000000714,31.052108609022614
589.3000000000715,44.80036882496954
589.4000000000715,37.15620688658407
589.5000000000715,236.37444558345732
589.6000000000715,249.02875746985808
589.7000000000716,132.88297395204933
589.8000000000716,52.68004868142148
589.9000000000716,30.933366395615618
590.0000000000716,26.43448177321104
590.1000000000716,26.82504988486371
590.2000000000717,33.193429637481714
590.3000000000717,38.59501936010644
590.4000000000717,39.22654772372578
590.5000000000717,21.12080732447707
590.6000000000718,24.733523149036735
590.7000000000718,42.5970872586728
590.8000000000718,31.534695501026974
590.9000000000718,26.547896794623377
591.0000000000719,45.19139736689737
591.1000000000719,36.588862703127
591.2000000000719,24.70830721068262
591.3000000000719,26.568890292147675
591.4000000000719,37.11210264893191
591.500000000072,39.23690025249776
591.600000000072,20.016115936478275
591.700000000072,10.924523062026434
591.800000000072,22.63648670494927
591.900000000072,24.33056504365362
592.0000000000721,5.230767071538532
592.1000000000721,-0.020458923684728347
592.2000000000721,27.699134918983454
592.3000000000721,40.18409349453425
592.4000000000722,5.999743264891343
592.5000000000722,21.570402619199506
592.6000000000722,61.800972557032296
592.7000000000722,18.43508820341473
592.8000000000723,-5.177442294551567
592.9000000000723,13.903015497146487
593.0000000000723,7.154582450699589
593.1000000000723,44.54918184035958
593.2000000000724,26.628693065740016
593.3000000000724,27.14135420486669
593.4000000000724,15.47320023567646
593.5000000000724,24.298272442871816
593.6000000000724,31.396651864602187
593.7000000000725,14.050092396622384
593.8000000000725,27.996544145338735
593.9000000000725,27.96678380525395
594.0000000000725,37.661626592062326
594.1000000000726,21.536322252100828
594.2000000000726,9.445834672039656
594.3000000000726,12.628238087601279
594.4000000000726,13.436120091408156
594.5000000000726,19.126029008486974
594.6000000000727,35.334451603337655
594.7000000000727,39.80319467839859
594.8000000000727,12.028995391318356
594.9000000000727,12.443416676416797
595.0000000000728,29.43472484608629
595.1000000000728,22.46982732396331
595.2000000000728,14.64340025928837
595.3000000000728,30.13633727714257
595.4000000000729,26.370586841491622
595.5000000000729,10.575791642706818
595.6000000000729,15.864839141914429
595.7000000000729,21.750649403140805
595.8000000000729,7.441505753269787
595.900000000073,5.968104196529635
596.000000000073,28.5250049831684
596.100000000073,28.253782796202632
596.200000000073,27.43259868038662
596.300000000073,25.85705224760559
596.4000000000731,29.991676685996673
596.5000000000731,25.14349141613463
596.6000000000731,16.08029959566042
596.7000000000731,13.0423694239338
596.8000000000732,14.718380207476248
596.9000000000732,31.12786246506704
597.0000000000732,18.386959470037343
597.1000000000732,6.35354741798962
597.2000000000733,38.56245531545695
597.3000000000733,29.387983687989458
597.4000000000733,5.6788779416540685
597.5000000000733,36.180285709130274
597.6000000000734,29.30220905119701
597.7000000000734,16.289214366914724
597.8000000000734,27.829148495052333
597.9000000000734,32.9187707280602
598.0000000000734,7.751406318701441
598.1000000000735,8.167589506474272
598.2000000000735,30.871203424895196
598.3000000000735,21.930291628622296
598.4000000000735,22.40162129219584
598.5000000000736,27.045336114935658
598.6000000000736,15.937265286090584
598.7000000000736,33.82381259961718
598.8000000000736,53.71419779854958
598.9000000000736,39.47908950810905
599.0000000000737,15.439115194956486
599.1000000000737,17.402098677158214
599.2000000000737,31.399330856790133
599.3000000000737,10.869275285032682
599.4000000000738,22.215374170800384
599.5000000000738,31.35788619958259
599.6000000000738,34.40126159990125
599.7000000000738,22.5774806960354
599.8000000000739,2.192563094302628
599.9000000000739,14.552951726985546
600.0000000000739,24.612466209040875
600.1000000000739,42.99484094380258
600.2000000000739,26.744803358629653
600.300000000074,15.639482982972611
600.400000000074,21.32985763934893
600.500000000074,23.302054738060495
600.600000000074,20.416784740270636
600.700000000074,15.850104613844985
600.8000000000741,14.88174476346989
600.9000000000741,25.819249533115375
601.0000000000741,19.121025599102545
601.1000000000741,29.13308963764823
601.2000000000742,43.346958575928774
601.3000000000742,31.38274700056142
601.4000000000742,17.39274066609197
601.5000000000742,25.130472758190102
601.6000000000743,26.197118783472185
601.7000000000743,3.9932699734379833
601.8000000000743,7.895432158334119
601.9000000000743,29.271048055672782
602.0000000000744,47.85491109827505
602.1000000000744,33.05814169818839
602.2000000000744,6.898819662323874
602.3000000000744,27.70612971919004
602.4000000000744,25.395317781310027
602.5000000000745,6.529404273196276
602.6000000000745,20.971802368793146
602.7000000000745,13.548989252262746
602.8000000000745,19.442226137168312
602.9000000000746,36.820159839119675
603.0000000000746,35.53283393329823
603.1000000000746,46.90980008156809
603.2000000000746,10.591997718911808
603.3000000000746,7.551483375759795
603.4000000000747,13.042749427324653
603.5000000000747,19.47591592697296
603.6000000000747,33.14438218704255
603.7000000000747,36.576516247113396
603.8000000000748,18.760161455952677
603.9000000000748,6.644374257002472
604.0000000000748,20.045792477237946
604.1000000000748,17.148760218150553
604.2000000000749,9.60683468282352
604.3000000000749,29.987022743709304
604.4000000000749,42.35759749177994
604.5000000000749,33.55642339490783
604.6000000000749,16.456664441918267
604.700000000075,-2.092640374520848
604.800000000075,16.330654198205274
604.900000000075,36.34444836241676
605.000000000075,8.283105958108267
605.100000000075,3.9026865341207615
605.2000000000751,18.087969589409017
605.3000000000751,14.524921012557158
605.4000000000751,18.447012545295404
605.5000000000751,23.730057432996176
605.6000000000752,-9.285051862950326
605.7000000000752,3.887286669186092
605.8000000000752,20.698539890404685
605.9000000000752,15.023173515960128
606.0000000000753,10.044134449440097
606.1000000000753,22.457663107811292
606.2000000000753,39.01444406198968
606.3000000000753,34.3434612527847
606.4000000000754,10.85026688936433
606.5000000000754,5.314584751889114
606.6000000000754,6.93481833110057
606.7000000000754,16.31343057805425
606.8000000000754,7.568400611486263
606.9000000000755,18.54896515661849
607.0000000000755,26.317071756978393
607.1000000000755,10.095753780205087
607.2000000000755,22.32644574480984
607.3000000000756,27.251130148693544
607.4000000000756,16.599686739597836
607.5000000000756,24.381006967854336
607.6000000000756,23.606041898585595
607.7000000000756,26.00343018569906
607.8000000000757,24.98719415254668
607.9000000000757,26.63774741648145
608.0000000000757,34.34987414848328
608.1000000000757,4.877614544290723
608.2000000000758,-6.2190180994660285
608.3000000000758,36.72099528841019
608.4000000000758,15.799716334323229
608.5000000000758,-15.253432335909253
608.6000000000759,26.663011109062772
608.7000000000759,45.07353371736014
608.8000000000759,17.962452411101683
608.9000000000759,32.85575244632123
609.0000000000759,5.821051242577335
609.100000000076,-1.9963101824392737
609.200000000076,28.89667657887095
609.300000000076,17.488900919534053
609.400000000076,7.196248294310873
609.500000000076,11.857475948742712
609.6000000000761,15.663667191086834
609.7000000000761,28.76668996089012
609.8000000000761,26.9264318684809
609.9000000000761,10.500358804498788
610.0000000000762,14.43681800318047
610.1000000000762,14.097464851314514
610.2000000000762,14.142762851260933
610.3000000000762,16.658724776340264
610.4000000000763,26.328936310957513
610.5000000000763,28.27678406649257
610.6000000000763,13.65826468223419
610.7000000000763,8.483989200683133
610.8000000000764,-2.2059697263850437
610.9000000000764,19.045525972045485
611.0000000000764,9.873970592132164
611.1000000000764,59.68661228698712
611.2000000000764,42.444515193772006
611.3000000000765,2.9754390891192823
611.4000000000765,34.78855219404003
611.5000000000765,22.888430636425706
611.6000000000765,16.17695354473068
611.7000000000766,20.049260311077635
611.8000000000766,35.12537454715912
611.9000000000766,7.709208055195288
612.0000000000766,23.718607540240825
612.1000000000766,26.890639449253705
612.2000000000767,19.33284385218271
612.3000000000767,38.36281324807943
612.4000000000767,17.08221024080539
612.5000000000767,10.423982103531223
612.6000000000768,18.68317302362205
612.7000000000768,24.732975421700637
612.8000000000768,47.41768210531319
612.9000000000768,31.179059067300997
613.0000000000769,12.620863840093381
613.1000000000769,19.221337562873295
613.2000000000769,19.09399767158165
613.3000000000769,18.029212362940466
613.400000000077,16.2690902604499
613.500000000077,18.622329652205817
613.600000000077,25.499514965430304
613.700000000077,9.24346669657079
613.800000000077,7.477793645616762
613.9000000000771,24.254806718880452
614.0000000000771,31.209287204583415
614.1000000000771,34.70539477759213
614.2000000000771,33.29965629473149
614.3000000000771,16.647926180307472
614.4000000000772,39.038742670180675
614.5000000000772,19.36336438301879
614.6000000000772,35.389022099828516
614.7000000000772,46.78527109975915
614.8000000000773,22.200568925687854
614.9000000000773,16.010833632409895
615.0000000000773,30.0262522994745
615.1000000000773,27.304126704084396
615.2000000000774,27.894282984515524
615.3000000000774,15.001846929703381
615.4000000000774,10.678321833322773
615.5000000000774,35.90424800555527
615.6000000000774,31.21466392273308
615.7000000000775,12.826704802286807
615.8000000000775,13.716851020312749
615.9000000000775,23.980494834766972
616.0000000000775,24.16521724378589
616.1000000000776,11.69369734468138
616.2000000000776,17.15358341495752
616.3000000000776,29.52443074589687
616.4000000000776,40.706128426777255
616.5000000000776,37.07180255701867
616.6000000000777,39.940283388613345
616.7000000000777,12.459528970372565
616.8000000000777,3.239662974782666
616.9000000000777,32.55439120125449
617.0000000000778,14.781399363105585
617.1000000000778,13.956654806407265
617.2000000000778,-5.493776455034808
617.3000000000778,-7.820990541540656
617.4000000000779,-2.034574877502709
617.5000000000779,13.73093023772515
617.6000000000779,37.461218484293084
617.7000000000779,27.79692316204626
617.800000000078,17.863172435054807
617.900000000078,25.150500291158806
618.000000000078,1.24799532686899
618.100000000078,45.188944192714864
618.200000000078,3.5163540317309363
618.3000000000781,3.9060399393316994
618.4000000000781,28.691042824072962
618.5000000000781,39.48157294996343
618.6000000000781,34.934918853381106
618.7000000000781,17.023754197673192
618.8000000000782,3.969333023292024
618.9000000000782,22.144837798271304
619.0000000000782,45.80931769579066
619.1000000000782,16.087091143589934
619.2000000000783,29.17931715785506
619.3000000000783,20.15851242998186
619.4000000000783,4.558869645106947
619.5000000000783,25.189458900491413
619.6000000000784,30.261032799492735
619.7000000000784,27.72688116196289
619.8000000000784,32.994595500310055
619.9000000000784,0.24677398476098844
620.0000000000784,32.164002151454625
620.1000000000785,13.191852598638624
620.2000000000785,-2.5829778182697214
620.3000000000785,3.52184066105438
620.4000000000785,22.883875178853984
620.5000000000786,42.14018328527641
620.6000000000786,44.768210424775745
620.7000000000786,31.147515735992254
620.8000000000786,23.293607278121392
620.9000000000786,26.06060668449546
621.0000000000787,21.96499772120386
621.1000000000787,10.509487248777248
621.2000000000787,12.038750673341823
621.3000000000787,28.17689034847233
621.4000000000788,38.79490898994884
621.5000000000788,34.86335185659436
621.6000000000788,20.630732985137666
621.7000000000788,7.390398372788959
621.8000000000789,11.878982435963367
621.9000000000789,29.275454566211494
622.0000000000789,35.005138209962944
622.1000000000789,26.379020330967915
622.200000000079,20.67394433612726
622.300000000079,23.295839513296542
622.400000000079,28.74139351646348
622.500000000079,30.99105586650711
622.600000000079,24.72666029812436
622.7000000000791,17.225619767819524
622.8000000000791,23.792724818010687
622.9000000000791,35.39930087758525
623.0000000000791,27.720070578407014
623.1000000000791,12.183443807558026
623.2000000000792,21.608758863898895
623.3000000000792,43.727520220410184
623.4000000000792,40.380951215356376
623.5000000000792,19.07699246292441
623.6000000000793,12.605256064654307
623.7000000000793,18.15176224876276
623.8000000000793,14.437723088680668
623.9000000000793,6.140590070532303
624.0000000000794,10.01443880281308
624.1000000000794,20.855755142444732
624.2000000000794,23.847812756745952
624.3000000000794,20.308918819995156
624.4000000000794,18.255452457825495
624.5000000000795,15.694501977847493
624.6000000000795,7.612035853267557
624.7000000000795,0.7802645257061067
624.8000000000795,5.009253037323363
624.9000000000796,16.02981170671846
625.0000000000796,24.39981152862733
625.1000000000796,24.388230019524915
625.2000000000796,14.721302840607452
625.3000000000796,11.673554551587477
625.4000000000797,29.902414649168094
625.5000000000797,41.23318202103058
625.6000000000797,16.23829581585921
625.7000000000797,-8.219644154886586
625.8000000000798,8.475156539381256
625.9000000000798,26.690678747187917
626.0000000000798,3.138442761773365
626.1000000000798,-18.414119878723493
626.2000000000799,8.971167678979729
626.3000000000799,48.04795016736373
626.4000000000799,53.56793859483856
626.5000000000799,31.363993213487706
626.60000000008,2.324560488090823
626.70000000008,-2.296528047120824
626.80000000008,31.499117836827686
626.90000000008,53.448621968111794
627.00000000008,27.02651651646527
627.1000000000801,-1.8943668507280624
627.2000000000801,6.596673537227211
627.3000000000801,30.68175607621385
627.4000000000801,45.66201074559232
627.5000000000801,48.16522592649302
627.6000000000802,40.808454349614095
627.7000000000802,32.35268744631859
627.8000000000802,28.30516825039398
627.9000000000802,24.56499809188058
628.0000000000803,19.69874501831978
628.1000000000803,20.812398582146194
628.2000000000803,27.439185546947613
628.3000000000803,21.93968681071192
628.4000000000804,1.5509165526932285
628.5000000000804,-5.247164555853668
628.6000000000804,11.325689051337404
628.7000000000804,22.917361919068192
628.8000000000804,14.656416604025745
628.9000000000805,-0.3962739396126258
629.0000000000805,-9.815342103215993
629.1000000000805,-6.11584086267322
629.2000000000805,11.200986821458498
629.3000000000806,33.31972529294107
629.4000000000806,48.572031857580754
629.5000000000806,42.997486274721496
629.6000000000806,20.630857071114
629.7000000000806,7.038463151804667
629.8000000000807,9.268274070551643
629.9000000000807,12.202073040861176
630.0000000000807,10.799000490934356
630.1000000000807,11.688451809868251
630.2000000000808,15.057926025163047
630.3000000000808,14.548029487789211
630.4000000000808,11.065859939665994
630.5000000000808,11.962883667888832
630.6000000000809,16.031522280474718
630.7000000000809,15.195202709200666
630.8000000000809,11.559774761466365
630.9000000000809,14.553925700028385
631.000000000081,20.40617295851123
631.100000000081,17.126536822353902
631.200000000081,13.760637346055026
631.300000000081,30.45877148982099
631.400000000081,48.44445235854782
631.5000000000811,29.868053484942056
631.6000000000811,-3.9479153260341966
631.7000000000811,-3.662468864193997
631.8000000000811,15.687381713497851
631.9000000000811,10.682675554827918
632.0000000000812,-4.811772899831199
632.1000000000812,5.274028113301636
632.2000000000812,25.788362156258867
632.3000000000812,23.958956051985094
632.4000000000813,9.994980368163697
632.5000000000813,8.191200354625137
632.6000000000813,15.696350349014446
632.7000000000813,21.18621021779837
632.8000000000814,25.983027405203337
632.9000000000814,33.88944719744442
633.0000000000814,37.74016221685726
633.1000000000814,29.57704014805759
633.2000000000814,15.06316123146826
633.3000000000815,3.7917516747230495
633.4000000000815,4.58344546201967
633.5000000000815,20.28492424954465
633.6000000000815,30.580923169678222
633.7000000000816,18.947769684061914
633.8000000000816,4.10764468732712
633.9000000000816,4.871594774861315
634.0000000000816,13.335394395386063
634.1000000000816,20.03554844730167
634.2000000000817,27.768110029975006
634.3000000000817,37.332601914059346
634.4000000000817,37.49673431965795
634.5000000000817,23.76769371787903
634.6000000000818,14.046348224316217
634.7000000000818,17.608871334522053
634.8000000000818,15.579394314971058
634.9000000000818,-1.380547414864126
635.0000000000819,-13.887579651418333
635.1000000000819,-8.494968310778312
635.2000000000819,9.473099888643414
635.3000000000819,29.332785024214743
635.400000000082,34.90929283805669
635.500000000082,24.423511501526253
635.600000000082,20.272095505768032
635.700000000082,30.432014622857572
635.800000000082,38.0999655454973
635.9000000000821,33.00377985860201
636.0000000000821,16.84455146701971
636.1000000000821,-0.7639040423756156
636.2000000000821,-1.9362582273526963
636.3000000000822,13.257857322109441
636.4000000000822,23.9556931658702
636.5000000000822,22.90115417394367
636.6000000000822,18.37629136521325
636.7000000000822,17.00988824383321
636.8000000000823,22.582718000126334
636.9000000000823,29.08838492048302
637.0000000000823,23.150267637521413
637.1000000000823,11.10373991022444
637.2000000000824,13.800402848840628
637.3000000000824,27.921106631955798
637.4000000000824,33.365790382235346
637.5000000000824,28.503772962643914
637.6000000000824,23.669340556317145
637.7000000000825,20.04310604269315
637.8000000000825,14.079517346541234
637.9000000000825,12.726274659986732
638.0000000000825,25.862674452212566
638.1000000000826,37.23218191233787
638.2000000000826,22.54432861550379
638.3000000000826,-1.042846522300649
638.4000000000826,-2.8790010698448354
638.5000000000827,7.627096964142406
638.6000000000827,8.845755262335455
638.7000000000827,8.045027033765786
638.8000000000827,19.1626287734692
638.9000000000827,32.09381848221998
639.0000000000828,32.161347252646436
639.1000000000828,22.97746643156046
639.2000000000828,13.179883269427634
639.3000000000828,8.599727312659553
639.4000000000829,11.95989499843781
639.5000000000829,16.697151673796366
639.6000000000829,16.091819095118993
639.7000000000829,11.147083965877446
639.800000000083,6.060700034044945
639.900000000083,9.735034373178733
640.000000000083,23.97913119695274
640.100000000083,27.47669887406465
640.200000000083,10.071579967217268
640.3000000000831,1.1764453002173325
640.4000000000831,17.793366381844603
640.5000000000831,33.33637837195519
640.6000000000831,30.09886383003097
640.7000000000832,21.98947346404585
640.8000000000832,19.83845710424505
640.9000000000832,21.083990584158286
641.0000000000832,21.64275263099884
641.1000000000832,17.4754445451644
641.2000000000833,10.189849260165301
641.3000000000833,9.897318856197222
641.4000000000833,17.204440161120523
641.5000000000833,18.750979283823643
641.6000000000834,12.50048555301105
641.7000000000834,11.550002772198825
641.8000000000834,15.350700009672122
641.9000000000834,7.520455125283597
642.0000000000834,-7.891848077894009
642.1000000000835,-6.146988598853168
642.2000000000835,11.548507988272522
642.3000000000835,20.094684074793378
642.4000000000835,14.708606635339297
642.5000000000836,8.000756123775059
642.6000000000836,5.5102889533280175
642.7000000000836,6.814151725375888
642.8000000000836,9.25060631697262
642.9000000000837,9.335798949407808
643.0000000000837,10.236201971028235
643.1000000000837,17.77739488159398
643.2000000000837,24.012930105557764
643.3000000000837,16.015819594452495
643.4000000000838,3.004889331477191
643.5000000000838,2.751473557613849
643.6000000000838,15.074265247889574
643.7000000000838,31.31793059844968
643.8000000000839,39.72318037102021
643.9000000000839,30.78140759790601
644.0000000000839,14.623615561183303
644.1000000000839,5.490994882206815
644.200000000084,3.5875715911314963
644.300000000084,5.7918891674072235
644.400000000084,13.684664042365526
644.500000000084,26.911248275116684
644.600000000084,32.44986929139438
644.7000000000841,21.43995790540037
644.8000000000841,10.131392011878146
644.9000000000841,12.022366843610836
645.0000000000841,15.594162561540294
645.1000000000842,10.86035035168461
645.2000000000842,4.909622614812542
645.3000000000842,5.3739899317355935
645.4000000000842,14.269540460419284
645.5000000000842,27.381162033900452
645.6000000000843,29.038172204731943
645.7000000000843,13.447490847557004
645.8000000000843,-3.6429068851421142
645.9000000000843,-9.478214255015928
646.0000000000844,-0.6673517346394129
646.1000000000844,14.55552982606891
646.2000000000844,12.343325042575428
646.3000000000844,-6.267018919322533
646.4000000000844,-5.830728688475631
646.5000000000845,18.63991742938449
646.6000000000845,33.40872800534503
646.7000000000845,29.002459099901998
646.8000000000845,23.903615259950232
646.9000000000846,22.603593627697133
647.0000000000846,15.55376582199894
647.1000000000846,6.403412622794933
647.2000000000846,9.288651225660736
647.3000000000847,18.649187333804754
647.4000000000847,15.51227045014802
647.5000000000847,4.978629516003042
647.6000000000847,6.522000101443111
647.7000000000847,15.454312545722143
647.8000000000848,14.829004014141713
647.9000000000848,10.992107030503282
648.0000000000848,19.659178508291763
648.1000000000848,30.984236061080527
648.2000000000849,27.037478926129975
648.3000000000849,18.003974361947964
648.4000000000849,21.78409492665404
648.5000000000849,31.9300712953522
648.600000000085,35.63631241159279
648.700000000085,33.72219268002394
648.800000000085,30.432338530912347
648.900000000085,25.571952653350927
649.000000000085,19.5261205902871
649.1000000000851,19.918602162366433
649.2000000000851,30.305945360140576
649.3000000000851,34.10878739284396
649.4000000000851,20.337488644504656
649.5000000000852,7.798649832974007
649.6000000000852,10.629236217248339
649.7000000000852,16.041326421205525
649.8000000000852,12.958391036986747
649.9000000000852,4.357060885146098
650.0000000000853,-2.4263786262727423
650.1000000000853,4.613160852716947
650.2000000000853,22.827092287449258
650.3000000000853,22.822396160794906
650.4000000000854,-1.3894464304129706
650.5000000000854,-15.11916994043958
650.6000000000854,-3.3015084782910753
650.7000000000854,17.016148926589572
650.8000000000854,30.231339495506425
650.9000000000855,26.11688143940814
651.0000000000855,13.363965329518592
651.1000000000855,19.13482566786362
651.2000000000855,35.65290992218078
651.3000000000856,23.6385466935851
651.4000000000856,-8.317185383589635
651.5000000000856,-13.602373371777322
651.6000000000856,5.530888216174294
651.7000000000857,12.738463017919038
651.8000000000857,9.02132742992088
651.9000000000857,17.6812369688145
652.0000000000857,35.1857031467533
652.1000000000857,43.75067361085097
652.2000000000858,37.49951353060222
652.3000000000858,18.583642269036826
652.4000000000858,3.207469227692328
652.5000000000858,8.766064449251116
652.6000000000859,21.874551013157447
652.7000000000859,22.067552876656546
652.8000000000859,13.95969345730926
652.9000000000859,8.397999767171118
653.000000000086,6.598434718538039
653.100000000086,6.543624912178184
653.200000000086,4.359422708590231
653.300000000086,-1.6574657234211927
653.400000000086,-4.242831220304106
653.5000000000861,1.0205871531216397
653.6000000000861,4.55761894387563
653.7000000000861,1.353086402015149
653.8000000000861,4.494200291226377
653.9000000000862,20.067751427157564
654.0000000000862,32.47245865907778
654.1000000000862,31.690095834129735
654.2000000000862,23.99621953345957
654.3000000000862,15.413709678530571
654.4000000000863,8.416469923842612
654.5000000000863,3.761281394122916
654.6000000000863,0.27768153544392526
654.7000000000863,0.06636406012046914
654.8000000000864,9.248062266788303
654.9000000000864,23.96598758985806
655.0000000000864,29.504298772191806
655.1000000000864,23.841834051652253
655.2000000000864,17.627262317671857
655.3000000000865,16.484253739554887
655.4000000000865,20.89406593733342
655.5000000000865,25.595889813326508
655.6000000000865,22.267945878911554
655.7000000000866,15.408901757300551
655.8000000000866,16.781691276463118
655.9000000000866,27.382641999553773
656.0000000000866,41.63341955319658
656.1000000000867,50.42814078601617
656.2000000000867,45.74601898759647
656.3000000000867,38.693473046672985
656.4000000000867,43.478688993317775
656.5000000000867,45.26913705499172
656.6000000000868,27.06997811438568
656.7000000000868,13.56498841661931
656.8000000000868,29.583222724768824
656.9000000000868,45.67683358079566
657.0000000000869,32.57092439029313
657.1000000000869,13.597872442202252
657.2000000000869,13.085357020807738
657.3000000000869,21.809627662654087
657.400000000087,28.712171533051155
657.500000000087,34.880802795274185
657.600000000087,40.044130121469166
657.700000000087,36.43546703285845
657.800000000087,22.5875331387108
657.9000000000871,11.246801061203708
658.0000000000871,11.702824211542676
658.1000000000871,24.503616164896115
658.2000000000871,40.50253561948909
658.3000000000872,38.25976976858263
658.4000000000872,16.511828572767868
658.5000000000872,0.032899086754706985
658.6000000000872,-0.264890533161414
658.7000000000872,9.432503744000993
658.8000000000873,18.430248957941433
658.9000000000873,13.84590544769228
659.0000000000873,3.226182052635536
659.1000000000873,8.65679743436904
659.2000000000874,23.399134055092986
659.3000000000874,22.77906573353114
659.4000000000874,10.845814897821356
659.5000000000874,7.122677319762536
659.6000000000874,11.62216179520194
659.7000000000875,14.649967841197974
659.8000000000875,10.884304878120552
659.9000000000875,-1.026550707812987
660.0000000000875,-10.236651791768177
660.1000000000876,-5.182290984265823
660.2000000000876,5.363177843687535
660.3000000000876,9.281974251846483
660.4000000000876,8.570110829516793
660.5000000000877,8.339524470305085
660.6000000000877,10.97603468754216
660.7000000000877,16.866224180873857
660.8000000000877,22.132691968630578
660.9000000000877,23.402518298805155
661.0000000000878,20.804882235770208
661.1000000000878,13.987456908750135
661.2000000000878,0.3081409551209704
661.3000000000878,-15.971550768347601
661.4000000000879,-17.04004138296435
661.5000000000879,0.9714800737468801
661.6000000000879,16.944161572688923
661.7000000000879,19.713209897479885
661.800000000088,15.272132934429663
661.900000000088,11.112032869605013
662.000000000088,14.538181902626803
662.100000000088,21.92475608724913
662.200000000088,19.26856661405361
662.3000000000881,8.495278620454952
662.4000000000881,4.997914306207113
662.5000000000881,9.318759494334762
662.6000000000881,11.011455706239673
662.7000000000882,6.676237030572673
662.8000000000882,-1.5509494002042747
662.9000000000882,-3.976943777929746
663.0000000000882,9.909948261684164
663.1000000000882,24.920536343785656
663.2000000000883,19.59094634567854
663.3000000000883,9.67196794582084
663.4000000000883,18.445676080210415
663.5000000000883,30.463545710618195
663.6000000000884,24.638470356803943
663.7000000000884,12.393928844538609
663.8000000000884,9.504110825676404
663.9000000000884,14.130226794821489
664.0000000000884,19.66851853950605
664.1000000000885,17.46985313419607
664.2000000000885,5.479585124340885
664.3000000000885,-0.1354528606901062
664.4000000000885,9.041006083923229
664.5000000000886,17.993413195678663
664.6000000000886,18.91211117997891
664.7000000000886,23.026804600747102
664.8000000000886,32.55719512418744
664.9000000000887,32.57184667558753
665.0000000000887,20.91259437244111
665.1000000000887,14.023363611033956
665.2000000000887,13.122084650770066
665.3000000000887,1.6759645979253557
665.4000000000888,-13.377368898601105
665.5000000000888,-3.791095978561047
665.6000000000888,18.883946210292535
665.7000000000888,13.65168317074912
665.8000000000889,-6.850383597493707
665.9000000000889,2.423602228940453
666.0000000000889,26.35543221978729
666.1000000000889,20.994448782918077
666.200000000089,3.3863103865412567
666.300000000089,12.706827657127171
666.400000000089,29.24674533987532
666.500000000089,18.538254932325177
666.600000000089,2.768652945596886
666.7000000000891,12.724839789467389
666.8000000000891,26.64715104514484
666.9000000000891,18.821549688299356
667.0000000000891,7.2247767430075225
667.1000000000892,10.310860981745398
667.2000000000892,14.525786566218025
667.3000000000892,8.070268315830715
667.4000000000892,0.6363593489677721
667.5000000000892,1.6907719919408448
667.6000000000893,12.381193477055719
667.7000000000893,28.013338814184063
667.8000000000893,35.26063830205379
667.9000000000893,27.78386091057377
668.0000000000894,11.657289981770711
668.1000000000894,-3.367779753804168
668.2000000000894,-4.625278237776461
668.3000000000894,6.666406210928917
668.4000000000894,14.272446786004968
668.5000000000895,13.625942801104069
668.6000000000895,11.446315786324538
668.7000000000895,9.056517154854879
668.8000000000895,3.8539943115633313
668.9000000000896,1.3428084663937
669.0000000000896,10.326790060222063
669.1000000000896,19.006748478258356
669.2000000000896,8.653629937472633
669.3000000000897,-4.265388054320513
669.4000000000897,6.556964140900854
669.5000000000897,26.509697880952587
669.6000000000897,30.952410460473647
669.7000000000897,24.699822641803376
669.8000000000898,19.318844447105967
669.9000000000898,15.396064983102095
670.0000000000898,10.912672388223212
670.1000000000898,4.755648869229887
670.2000000000899,-1.2371305091604161
670.3000000000899,2.500087571828564
670.4000000000899,17.386657677744445
670.5000000000899,22.880599209353832
670.60000000009,11.38402699738863
670.70000000009,6.065568544012526
670.80000000009,16.343986232173354
670.90000000009,24.10284377882966
671.00000000009,19.935412524348944
671.1000000000901,9.62215797703143
671.2000000000901,2.845515835811737
671.3000000000901,11.52643449851702
671.4000000000901,27.841512747036006
671.5000000000902,26.969683924504103
671.6000000000902,11.140487946449584
671.7000000000902,2.897325641981525
671.8000000000902,5.975359473812961
671.9000000000902,11.851788471937393
672.0000000000903,16.794441847185265
672.1000000000903,19.952495302595807
672.2000000000903,21.484445464091728
672.3000000000903,22.129124296374258
672.4000000000904,23.44321684587596
672.5000000000904,25.717835495990265
672.6000000000904,21.572374227186558
672.7000000000904,6.617784115940578
672.8000000000904,-2.3786028848539362
672.9000000000905,6.78772193536162
673.0000000000905,14.689037125337492
673.1000000000905,8.129574897890382
673.2000000000905,7.027249148054409
673.3000000000906,21.880144111107136
673.4000000000906,31.33324311030282
673.5000000000906,25.711640843155184
673.6000000000906,23.295018391474915
673.7000000000907,28.656588691253347
673.8000000000907,22.42184044886873
673.9000000000907,3.9069525664917126
674.0000000000907,-3.154324955922378
674.1000000000907,4.487674893151112
674.2000000000908,8.676773266500756
674.3000000000908,8.709033415998146
674.4000000000908,17.74734838668743
674.5000000000908,26.078456202983503
674.6000000000909,11.318646950882535
674.7000000000909,-11.130442504798074
674.8000000000909,-8.770004586944673
674.9000000000909,10.809262275986633
675.000000000091,23.62912636856096
675.100000000091,24.05342266467216
675.200000000091,14.719424516835295
675.300000000091,3.667787074881583
675.400000000091,-1.142732130370792
675.5000000000911,0.9145390816926836
675.6000000000911,7.88724607729414
675.7000000000911,15.506702188313236
675.8000000000911,19.806770516831044
675.9000000000912,18.92142344679669
676.0000000000912,14.434924238305365
676.1000000000912,14.599564961981988
676.2000000000912,20.891402752993386
676.3000000000912,21.33572514350784
676.4000000000913,12.20026443172895
676.5000000000913,3.7451404450938948
676.6000000000913,3.20315695804594
676.7000000000913,12.374379478575529
676.8000000000914,23.00925649240657
676.9000000000914,18.534026502242323
677.0000000000914,4.939712812857585
677.1000000000914,5.097063355172921
677.2000000000914,17.470110228336818
677.3000000000915,24.915598347456033
677.4000000000915,22.23830471759897
677.5000000000915,12.273813822710986
677.6000000000915,7.085985471420247
677.7000000000916,18.19658273902781
677.8000000000916,29.495213670297154
677.9000000000916,21.606175069941123
678.0000000000916,7.39220238788282
678.1000000000917,2.6918327235720954
678.2000000000917,-1.115069347403237
678.3000000000917,-10.881817644854548
678.4000000000917,-10.869972967288202
678.5000000000917,7.153587442808358
678.6000000000918,23.039992562745105
678.7000000000918,23.0761317787754
678.8000000000918,14.498705851942255
678.9000000000918,7.797833639197421
679.0000000000919,14.344245261717116
679.1000000000919,28.86389752034874
679.2000000000919,25.258689802369314
679.3000000000919,4.808565121455793
679.400000000092,-1.8530050325956804
679.500000000092,8.162903857007661
679.600000000092,13.456399142110389
679.700000000092,11.138670397108685
679.800000000092,11.180407370717873
679.9000000000921,12.76816209989716
680.0000000000921,10.14141998872863
680.1000000000921,9.749877596544179
680.2000000000921,20.33096026297593
680.3000000000922,28.655401386140944
680.4000000000922,18.99258780934619
680.5000000000922,4.498095863075156
680.6000000000922,1.7009644639135826
680.7000000000922,6.018507195085058
680.8000000000923,9.272000375852759
680.9000000000923,7.960864052004066
681.0000000000923,1.4501428734536592
681.1000000000923,-6.046956996686996
681.2000000000924,-8.565348276665699
681.3000000000924,1.7263880178261466
681.4000000000924,22.9419481893365
681.5000000000924,37.49450377125804
681.6000000000925,34.41471725545897
681.7000000000925,13.665287818316209
681.8000000000925,-11.595922693209195
681.9000000000925,-16.610194292953185
682.0000000000925,-4.59531928560305
682.1000000000926,-1.0105122450478579
682.2000000000926,-1.2527846740436486
682.3000000000926,16.905630450270444
682.4000000000926,37.50121102448689
682.5000000000927,28.984000611470023
682.6000000000927,6.566148609022526
682.7000000000927,0.9130409729594158
682.8000000000927,8.222362433370133
682.9000000000927,14.147515764597433
683.0000000000928,13.437324860259151
683.1000000000928,5.6182429537868925
683.2000000000928,-1.968956556463107
683.3000000000928,-3.061856199938334
683.4000000000929,0.5038580358390364
683.5000000000929,4.8708644563167445
683.6000000000929,4.907733667922318
683.7000000000929,1.0788293509228972
683.800000000093,4.101226538649384
683.900000000093,14.470605061868483
684.000000000093,16.653864520903248
684.100000000093,9.428940416531475
684.200000000093,9.077446796484413
684.3000000000931,13.773625186128488
684.4000000000931,5.157791339305359
684.5000000000931,-9.72797384642362
684.6000000000931,-6.319091417134509
684.7000000000932,11.591218905245624
684.8000000000932,23.58958056665459
684.9000000000932,19.870234685944578
685.0000000000932,-0.2499186329758647
685.1000000000932,-13.575544888539712
685.2000000000933,2.9375905430308404
685.3000000000933,24.706797226005257
685.4000000000933,23.4462744190244
685.5000000000933,14.070245161077432
685.6000000000934,14.064165864791695
685.7000000000934,16.792195518135138
685.8000000000934,15.369324597523097
685.9000000000934,13.24843184334799
686.0000000000935,12.632356512155305
686.1000000000935,10.5266255761265
686.2000000000935,7.371701378542116
686.3000000000935,9.483048615590189
686.4000000000935,15.550155849482165
686.5000000000936,14.88293937111172
686.6000000000936,8.201948116832837
686.7000000000936,7.1680173914376395
686.8000000000936,11.067018493103934
686.9000000000937,10.06069679421784
687.0000000000937,5.357233894135051
687.1000000000937,4.3937395215266415
687.2000000000937,7.098830373576555
687.3000000000937,10.013787902597699
687.4000000000938,12.435517997833326
687.5000000000938,14.562277279046553
687.6000000000938,15.601938054425371
687.7000000000938,16.080051081984113
687.8000000000939,22.759983306847616
687.9000000000939,36.170517003647134
688.0000000000939,33.82230585550398
688.1000000000939,7.642780201461838
688.200000000094,-6.98601681412732
688.300000000094,5.6496316326810625
688.400000000094,13.969740356626247
688.500000000094,5.418856336647517
688.600000000094,2.223373885883576
688.7000000000941,9.969380325993768
688.8000000000941,12.22737482288643
688.9000000000941,6.011557824613253
689.0000000000941,1.8140069425032541
689.1000000000942,6.715679741869083
689.2000000000942,23.256433971746887
689.3000000000942,37.24151664632781
689.4000000000942,28.727021714692476
689.5000000000942,9.473940633971695
689.6000000000943,1.6828395694590381
689.7000000000943,1.6285802284901711
689.8000000000943,-0.36913686332587736
689.9000000000943,1.9596404123318303
690.0000000000944,14.24700166464777
690.1000000000944,24.228770935816012
690.2000000000944,22.30940662272959
690.3000000000944,16.531365117194593
690.4000000000945,13.468912487028982
690.5000000000945,10.449544518810121
690.6000000000945,5.050041252043807
690.7000000000945,-2.6942519047516535
690.8000000000945,-8.034078699282432
690.9000000000946,-1.0196780496417799
691.0000000000946,11.999947758020182
691.1000000000946,9.012580766247707
691.2000000000946,-5.02861142020809
691.3000000000947,-4.845483835881483
691.4000000000947,5.304528660897222
691.5000000000947,4.691540774674627
691.6000000000947,0.24863876935845874
691.7000000000947,8.141985562219872
691.8000000000948,11.338841180667432
691.9000000000948,-10.054906070851745
692.0000000000948,-24.310387745235182
692.1000000000948,-0.7229421322563532
692.2000000000949,27.416317263875865
692.3000000000949,28.247779350282354
692.4000000000949,17.766260457475664
692.5000000000949,11.862472553299925
692.600000000095,6.953643377169065
692.700000000095,2.066223884573494
692.800000000095,5.247167742758511
692.900000000095,17.598243963777005
693.000000000095,29.52021141343566
693.1000000000951,33.503676843151325
693.2000000000951,25.70139992873784
693.3000000000951,12.098846157517576
693.4000000000951,6.029816030796496
693.5000000000952,9.72083196563679
693.6000000000952,17.184893699469015
693.7000000000952,17.27143596771029
693.8000000000952,0.5571974546466465
693.9000000000952,-13.34750051940876
694.0000000000953,-0.6526085360957019
694.1000000000953,23.957537392791863
694.2000000000953,38.18543042872031
694.3000000000953,36.63053681280706
694.4000000000954,21.811125938889816
694.5000000000954,7.5221471556511315
694.6000000000954,3.9282392873043026
694.7000000000954,8.55737736113947
694.8000000000955,16.876194421430217
694.9000000000955,23.7714373237558
695.0000000000955,25.449632032275982
695.1000000000955,20.22461257484252
695.2000000000955,12.739930731107437
695.3000000000956,13.440371126379683
695.4000000000956,20.1978541249561
695.5000000000956,21.08855065278499
695.6000000000956,14.648802845670371
695.7000000000957,6.0176449495436195
695.8000000000957,-3.018249689099183
695.9000000000957,-11.595457293763449
696.0000000000957,-13.64093063504524
696.1000000000957,-3.5837580707004077
696.2000000000958,12.189816974411942
696.3000000000958,23.74297896043261
696.4000000000958,21.086619409583154
696.5000000000958,4.064347347909083
696.6000000000959,-0.9846020203916144
696.7000000000959,15.979229258460458
696.8000000000959,22.403359979769387
696.9000000000959,6.176972040957956
697.000000000096,-4.217846793053455
697.100000000096,-0.29351126924538523
697.200000000096,-2.080679303261323
697.300000000096,-9.535868583871622
697.400000000096,-3.230585925675313
697.5000000000961,9.060565203262328
697.6000000000961,2.019801489484106
697.7000000000961,-11.872501253261023
697.8000000000961,-3.629525953858696
697.9000000000962,11.126790779947175
698.0000000000962,4.5827251754403475
698.1000000000962,-6.374645627686539
698.2000000000962,1.1084242139891842
698.3000000000962,10.870244626242307
698.4000000000963,6.787024228369413
698.5000000000963,4.168387326277339
698.6000000000963,13.331476626968374
698.7000000000963,18.645176553429685
698.8000000000964,12.461854332536863
698.9000000000964,8.027309001115691
699.0000000000964,10.882832806248159
699.1000000000964,12.924168631495217
699.2000000000965,8.275168804680115
699.3000000000965,-4.717732142319393
699.4000000000965,-15.15137700674346
699.5000000000965,-4.53373997366969
699.6000000000965,13.826320429074284
699.7000000000966,11.155677988046712
699.8000000000966,2.26846770079848
699.9000000000966,15.364505958199594
700.0000000000966,27.71596850077132
700.1000000000967,10.677181134979898
700.2000000000967,-4.365756233403247
700.3000000000967,12.873513579514096
700.4000000000967,31.992617392863323
700.5000000000967,26.113326545372473
700.6000000000968,9.452793401092727
700.7000000000968,-0.3529816974909199
700.8000000000968,8.331936879169412
700.9000000000968,30.634803788426527
701.0000000000969,39.16091936503466
701.1000000000969,26.99063807344685
701.2000000000969,11.945628239916864
701.3000000000969,3.652672792001973
701.400000000097,3.104114992711498
701.500000000097,7.397955016584396
701.600000000097,11.734639066858506
701.700000000097,15.871173806861043
701.800000000097,20.661881893115535
701.9000000000971,19.023596485846177
702.0000000000971,5.01522093662729
702.1000000000971,-7.7175135735206215
702.2000000000971,-5.573666193538043
702.3000000000972,5.436840758379885
702.4000000000972,14.93784393199255
702.5000000000972,12.234026886183202
702.6000000000972,-1.5982410499822373
702.7000000000972,-3.0339991224977934
702.8000000000973,13.908185273240468
702.9000000000973,26.10128212357709
703.0000000000973,22.263603848859685
703.1000000000973,7.54012284458917
703.2000000000974,-4.496877347781475
703.3000000000974,3.685739654656466
703.4000000000974,18.726942198592326
703.5000000000974,11.824389537024613
703.6000000000975,-2.788408472479878
703.7000000000975,4.094278750903452
703.8000000000975,20.192462854314474
703.9000000000975,23.18514885271173
704.0000000000975,16.017973693031553
704.1000000000976,7.975201089318928
704.2000000000976,5.937639782913697
704.3000000000976,10.562744711503598
704.4000000000976,8.616499739558906
704.5000000000977,-4.084961266402575
704.6000000000977,-11.513288166894814
704.7000000000977,-6.7932838978149395
704.8000000000977,1.3948830246754824
704.9000000000977,9.493454836777186
705.0000000000978,20.110509726059828
705.1000000000978,27.764265354633388
705.2000000000978,21.937011470109017
705.3000000000978,11.451769745430417
705.4000000000979,13.638024670795865
705.5000000000979,18.802524479324163
705.6000000000979,9.3321640237132
705.7000000000979,-6.3444037736787795
705.800000000098,-14.069254569770516
705.900000000098,-12.961604880331071
706.000000000098,-4.666914415797218
706.100000000098,11.62373079716442
706.200000000098,29.983492567340384
706.3000000000981,28.928391649853463
706.4000000000981,5.484139660655796
706.5000000000981,-9.85542691434786
706.6000000000981,-4.8527921007037405
706.7000000000982,6.10708037900897
706.8000000000982,11.002366267115969
706.9000000000982,2.915013410960903
707.0000000000982,-7.912374461133741
707.1000000000982,-2.310164727516425
707.2000000000983,8.312061519157664
707.3000000000983,1.544472019824715
707.4000000000983,-7.448513163721361
707.5000000000983,2.5735979262451547
707.6000000000984,9.322053310196546
707.7000000000984,-6.981123987162501
707.8000000000984,-12.85722551159425
707.9000000000984,12.376388871775099
708.0000000000985,28.18606987889288
708.1000000000985,13.888452352249232
708.2000000000985,3.519603988703441
708.3000000000985,11.041055840992039
708.4000000000985,14.217225124199462
708.5000000000986,5.803863271961539
708.6000000000986,-2.7695286539240844
708.7000000000986,-2.923326078314503
708.8000000000986,9.331820765655598
708.9000000000987,21.257336887549066
709.0000000000987,14.668892235678472
709.1000000000987,5.477118538401921
709.2000000000987,16.601504821854842
709.3000000000987,26.56465817308359
709.4000000000988,11.503014934644549
709.5000000000988,-5.440219273835452
709.6000000000988,-3.259931101964187
709.7000000000988,1.9444843266310838
709.8000000000989,-0.6269426049699529
709.9000000000989,1.9304742764337675
710.0000000000989,13.835201283600691
710.1000000000989,21.92375942022293
710.200000000099,19.469365846061574
710.300000000099,9.089272245598835
710.400000000099,-0.611531021667495
710.500000000099,1.9661651848120323
710.600000000099,8.657165165030094
710.7000000000991,1.906057090567423
710.8000000000991,-8.910661772159974
710.9000000000991,-5.8374542893711
711.0000000000991,4.57617519847217
711.1000000000992,9.691285561832224
711.2000000000992,6.925674091271644
711.3000000000992,0.10773794826358296
711.4000000000992,4.243166598181733
711.5000000000992,21.92018107634665
711.6000000000993,25.450724593281862
711.7000000000993,7.259078300826117
711.8000000000993,-3.3482984526510786
711.9000000000993,0.39268559793052127
712.0000000000994,-3.6314284945015873
712.1000000000994,-13.775464659950233
712.2000000000994,-8.193726040124547
712.3000000000994,10.499162533106912
712.4000000000995,24.580883012546238
712.5000000000995,27.120483158884937
712.6000000000995,18.947413214662312
712.7000000000995,14.587188561517173
712.8000000000995,25.317064695239516
712.9000000000996,29.913557788577382
713.0000000000996,12.960665811927438
713.1000000000996,-0.4796261524361993
713.2000000000996,6.112752099169194
713.3000000000997,16.056526798017984
713.4000000000997,15.178137644116195
713.5000000000997,0.21527063930455625
713.6000000000997,-15.838870006375146
713.7000000000997,-4.483694742195853
713.8000000000998,25.600070555348914
713.9000000000998,36.13453251230031
714.0000000000998,22.834050182438137
714.1000000000998,3.376468743434458
714.2000000000999,-6.504508208673268
714.3000000000999,2.9211764352885643
714.4000000000999,14.65779820317946
714.5000000000999,10.462415066969713
714.6000000001,1.9158671645178258
714.7000000001,2.9336511328147656
714.8000000001,14.10361718401057
714.9000000001,26.85466989094853
715.0000000001,19.370450456992877
715.1000000001001,-7.153434003644392
715.2000000001001,-16.741692576036804
715.3000000001001,-2.2171539566137866
715.4000000001001,10.470409794319973
715.5000000001002,10.601430836000294
715.6000000001002,1.528078439232197
715.7000000001002,-7.663822058703168
715.8000000001002,-6.44193706622073
715.9000000001002,3.734142766332058
716.0000000001003,15.560204650929919
716.1000000001003,18.361752784088463
716.2000000001003,7.570824419813006
716.3000000001003,3.416323620809904
716.4000000001004,17.58839781799061
716.5000000001004,27.359909311391064
716.6000000001004,20.41597010055245
716.7000000001004,12.365595284302026
716.8000000001005,11.275388491140852
716.9000000001005,11.64818342594308
717.0000000001005,12.402006078263769
717.1000000001005,16.816680946445704
717.2000000001005,17.095016301507624
717.3000000001006,0.6119240987636267
717.4000000001006,-16.680099439189224
717.5000000001006,-10.446022842204302
717.6000000001006,3.4519298559435505
717.7000000001007,2.447377284662702
717.8000000001007,-0.08011316160322463
717.9000000001007,9.331592352877948
718.0000000001007,15.746447438047223
718.1000000001007,9.250126536172235
718.2000000001008,1.9245873806775475
718.3000000001008,0.3194056624650905
718.4000000001008,-1.806756652968734
718.5000000001008,-4.767081297251802
718.6000000001009,-1.3732354799153568
718.7000000001009,7.197947200917842
718.8000000001009,12.936554775899502
718.9000000001009,13.143172829058013
719.000000000101,8.942269407090013
719.100000000101,4.750240351457366
719.200000000101,4.594347671676002
719.300000000101,3.415702224258573
719.400000000101,-2.346847748235567
719.5000000001011,-1.111176700043571
719.6000000001011,12.411579492978841
719.7000000001011,19.94824139175097
719.8000000001011,13.793476517857261
719.9000000001012,10.92764764201207
720.0000000001012,15.810757777527975
720.1000000001012,14.003810726554502
720.2000000001012,0.39346657414915187
720.3000000001012,-19.20274888244647
720.4000000001013,-26.40007753886393
720.5000000001013,-0.565047327554985
720.6000000001013,28.521601366291453
720.7000000001013,18.63690028984295
720.8000000001014,-1.4454417687052514
720.9000000001014,6.286812365531569
721.0000000001014,17.96908852687639
721.1000000001014,9.686668190950787
721.2000000001015,-0.989204524753013
721.3000000001015,-0.6375522587320188
721.4000000001015,2.4121275772856663
721.5000000001015,3.139841239412387
721.6000000001015,4.585237645978918
721.7000000001016,7.041250212087577
721.8000000001016,7.506816035566331
721.9000000001016,4.80567849274411
722.0000000001016,-0.05661487836945689
722.1000000001017,0.45822745115886065
722.2000000001017,13.895370815477964
722.3000000001017,26.510745778292414
722.4000000001017,22.933463240912673
722.5000000001017,15.158810476877735
722.6000000001018,16.1450040601241
722.7000000001018,20.40013377676229
722.8000000001018,20.883323290209663
722.9000000001018,14.447974144922036
723.0000000001019,4.714058309345182
723.1000000001019,4.067115471488373
723.2000000001019,10.774378443693072
723.3000000001019,8.441318129852835
723.400000000102,-0.8536236265628797
723.500000000102,-1.66000238564481
723.600000000102,6.910695331555577
723.700000000102,17.077143889147433
723.800000000102,18.79622861771329
723.9000000001021,6.31030283963451
724.0000000001021,-3.6072970146418024
724.1000000001021,2.249647754805876
724.2000000001021,7.696375197980046
724.3000000001022,2.1459150320851785
724.4000000001022,-1.551613967461484
724.5000000001022,3.5202743935469414
724.6000000001022,10.870895287654513
724.7000000001022,14.808374511137853
724.8000000001023,12.186689272026493
724.9000000001023,7.132478959158575
725.0000000001023,7.883131785723944
725.1000000001023,8.43136484306508
725.2000000001024,-1.2615158275201952
725.3000000001024,-5.609079087497281
725.4000000001024,10.563922174628516
725.5000000001024,16.53889168050923
725.6000000001025,-8.886752875446996
725.7000000001025,-21.252441208699633
725.8000000001025,2.2496072868370263
725.9000000001025,14.43972885276637
726.0000000001025,-0.35739034518073187
726.1000000001026,0.19939166105274975
726.2000000001026,19.80534735390017
726.3000000001026,19.095842553511925
726.4000000001026,0.8288020057940986
726.5000000001027,-2.2470270240608206
726.6000000001027,8.986662440841467
726.7000000001027,17.127851032126745
726.8000000001027,17.641397527077768
726.9000000001028,12.29553085991033
727.0000000001028,8.528189397763546
727.1000000001028,11.000444181180802
727.2000000001028,12.332393192969048
727.3000000001028,8.547771536596334
727.4000000001029,6.521882302183149
727.5000000001029,9.439214063177108
727.6000000001029,13.558621282137839
727.7000000001029,15.716374854983348
727.800000000103,13.950029622551051
727.900000000103,7.727552051037952
728.000000000103,-1.5262519563313364
728.100000000103,-4.135225079246819
728.200000000103,8.810048413216045
728.3000000001031,18.583365335110933
728.4000000001031,7.346430084020267
728.5000000001031,-2.555953120783097
728.6000000001031,5.916094879758897
728.7000000001032,11.26955294922309
728.8000000001032,1.6676302748089644
728.9000000001032,-6.293443643545595
729.0000000001032,-3.785105824689623
729.1000000001033,4.1984678274821725
729.2000000001033,11.458794771727304
729.3000000001033,12.324631039254085
729.4000000001033,10.450602912961294
729.5000000001033,13.951354615857685
729.6000000001034,19.368698816326837
729.7000000001034,18.951295248197308
729.8000000001034,9.789564243456905
729.9000000001034,-4.578004187185016
730.0000000001035,-4.126379088937278
730.1000000001035,17.952985024465292
730.2000000001035,30.57134590683448
730.3000000001035,18.374874143499806
730.4000000001035,-0.5948413643412334
730.5000000001036,-12.683590707304413
730.6000000001036,-13.22131639656091
730.7000000001036,-8.015363029088558
730.8000000001036,-9.298286130095248
730.9000000001037,-14.09535368150919
731.0000000001037,-12.222076160408717
731.1000000001037,-2.616415835562917
731.2000000001037,10.30160247668177
731.3000000001038,14.117781370705163
731.4000000001038,3.7791643761001756
731.5000000001038,0.9530817461522818
731.6000000001038,14.599666598900964
731.7000000001038,20.174845153274397
731.8000000001039,10.068494771597685
731.9000000001039,4.183856473615987
732.0000000001039,5.357698942217407
732.1000000001039,-0.22447068072164478
732.200000000104,-6.09595887778209
732.300000000104,4.0745499063130906
732.400000000104,12.956970175937379
732.500000000104,-2.8720462753518667
732.600000000104,-16.35267666496593
732.7000000001041,-0.6937024525620006
732.8000000001041,14.550602605233362
732.9000000001041,7.190384932867028
733.0000000001041,-0.03863590483386359
733.1000000001042,7.748978926139076
733.2000000001042,22.57342022308032
733.3000000001042,33.27820775200395
733.4000000001042,28.505387070676203
733.5000000001043,13.24861823275834
733.6000000001043,4.0102214291258065
733.7000000001043,4.087740101417928
733.8000000001043,9.041654668151846
733.9000000001043,12.598747116226937
734.0000000001044,10.278772156340567
734.1000000001044,7.478372877150412
734.2000000001044,9.379717844837037
734.3000000001044,13.882373334690165
734.4000000001045,17.476375572785056
734.5000000001045,16.391765421196183
734.6000000001045,10.568252122228817
734.7000000001045,4.784047679321983
734.8000000001045,5.089254977086593
734.9000000001046,16.747442118824555
735.0000000001046,26.83138116406274
735.1000000001046,15.728199130078401
735.2000000001046,-3.7468130671749216
735.3000000001047,-9.422320765322668
735.4000000001047,-0.03567417783537008
735.5000000001047,16.388763334746052
735.6000000001047,21.932296023425398
735.7000000001048,10.019926488480614
735.8000000001048,0.9727184836924607
735.9000000001048,4.7694629891503
736.0000000001048,12.26365781316336
736.1000000001048,18.033271587342988
736.2000000001049,21.692240922297703
736.3000000001049,22.11119046210435
736.4000000001049,17.70946814041598
736.5000000001049,8.501454848320945
736.600000000105,-2.5839915864888052
736.700000000105,-1.6860070499182118
736.800000000105,18.917474801841482
736.900000000105,35.01752182114607
737.000000000105,28.23786875887464
737.1000000001051,8.147858652874982
737.2000000001051,-8.08921297502933
737.3000000001051,1.197668034754963
737.4000000001051,24.629411168117407
737.5000000001052,19.500674593274592
737.6000000001052,-1.8253075120742102
737.7000000001052,6.597789286296749
737.8000000001052,24.387024002074032
737.9000000001053,10.490571186050415
738.0000000001053,-5.402845528263068
738.1000000001053,10.01675596335184
738.2000000001053,18.15852962571008
738.3000000001053,-5.908116428322322
738.4000000001054,-17.916947186327484
738.5000000001054,0.13417781975888543
738.6000000001054,9.474863724933353
738.7000000001054,0.30739379484911494
738.8000000001055,-1.284223694484924
738.9000000001055,6.981622603882243
739.0000000001055,9.767046733820512
739.1000000001055,8.531716567764617
739.2000000001055,11.08064395740004
739.3000000001056,10.416889648670034
739.4000000001056,-0.040394019767488354
739.5000000001056,-6.42291543563335
739.6000000001056,1.3284707091465178
739.7000000001057,12.850377506777484
739.8000000001057,18.42485460763797
739.9000000001057,14.632982372130645
740.0000000001057,7.65996175208538
740.1000000001058,12.304269871310836
740.2000000001058,21.459271226650504
740.3000000001058,14.386514273217836
740.4000000001058,2.087149892172127
740.5000000001058,6.4341758591158795
740.6000000001059,15.729269092545852
740.7000000001059,14.084036690742872
740.8000000001059,13.290111430336749
740.9000000001059,20.291053305940096
741.000000000106,15.550292381640817
741.100000000106,-3.3042038194625607
741.200000000106,-5.70358703820925
741.300000000106,11.752065486774612
741.400000000106,20.877210215431077
741.5000000001061,17.575298208975774
741.6000000001061,15.532126588064882
741.7000000001061,14.052157385521792
741.8000000001061,7.493572799337506
741.9000000001062,4.74162364921302
742.0000000001062,14.727729311906339
742.1000000001062,29.051854294074122
742.2000000001062,37.115658432899814
742.3000000001063,32.248949075795295
742.4000000001063,18.2301863303137
742.5000000001063,13.550089245620454
742.6000000001063,20.38419107830892
742.7000000001063,22.98544651589733
742.8000000001064,14.883666511057864
742.9000000001064,-1.1821725995363659
743.0000000001064,-7.152398238172625
743.1000000001064,13.166825551054538
743.2000000001065,28.541537569978445
743.3000000001065,11.107673071554075
743.4000000001065,-5.668130365527867
743.5000000001065,1.4096293226933008
743.6000000001065,6.20942929168155
743.7000000001066,-1.1842060944000012
743.8000000001066,1.3201089570138382
743.9000000001066,15.093028441038792
744.0000000001066,20.898264636675076
744.1000000001067,28.32601679665786
744.2000000001067,59.89854355855531
744.3000000001067,86.34824498499766
744.4000000001067,69.0443851345129
744.5000000001068,34.8449723306294
744.6000000001068,16.379269255909104
744.7000000001068,6.054132254813137
744.8000000001068,-2.2221966872668943
744.9000000001068,2.858397808614383
745.0000000001069,16.827701688010354
745.1000000001069,13.21584069718756
745.2000000001069,-4.7621831273956605
745.3000000001069,-8.783883940695992
745.400000000107,-1.24454556776521
745.500000000107,0.418172092513863
745.600000000107,5.456721759947164
745.700000000107,24.4496339117391
745.800000000107,28.959905770055954
745.9000000001071,2.0920669813861212
746.0000000001071,-16.022273652587106
746.1000000001071,-5.085092378175416
746.2000000001071,4.830422514837899
746.3000000001072,0.12092046392419808
746.4000000001072,-7.467976530323355
746.5000000001072,-4.551005176058785
746.6000000001072,21.049034763614877
746.7000000001073,69.2426974553782
746.8000000001073,126.71105515467698
746.9000000001073,142.601800227474
747.0000000001073,83.53202121610084
747.1000000001073,23.35336883583289
747.2000000001074,16.447085449297962
747.3000000001074,19.51035615182715
747.4000000001074,7.449460663844095
747.5000000001074,1.9876754272084631
747.6000000001075,3.781852527274249
747.7000000001075,-8.987695855342867
747.8000000001075,-24.206938141837743
747.9000000001075,-11.903981395592453
748.0000000001075,14.544315076448925
748.1000000001076,27.298886505284095
748.2000000001076,22.339360862824915
748.3000000001076,7.378164152425986
748.4000000001076,4.130932665018144
748.5000000001077,17.535756249515696
748.6000000001077,16.51256864987602
748.7000000001077,-3.8311859521138336
748.8000000001077,-11.839368685167743
748.9000000001078,-4.2532563888488575
749.0000000001078,-1.628047345315073
749.1000000001078,-2.712347103008451
749.2000000001078,3.8438720869129313
749.3000000001078,13.804668244270013
749.4000000001079,19.15814629044218
749.5000000001079,19.289006696633308
749.6000000001079,14.96729612471016
749.7000000001079,6.263695773631311
749.800000000108,-1.013238787025828
749.900000000108,7.207077242866259
750.000000000108,25.54751516254028
750.100000000108,29.70049503692017
750.200000000108,19.771077259945216
750.3000000001081,11.473851217538817
750.4000000001081,6.8077586517722795
750.5000000001081,2.40106092624388
750.6000000001081,-0.5752228352526838
750.7000000001082,0.7084579498019208
750.8000000001082,9.985666455068856
750.9000000001082,22.667968302831508
751.0000000001082,18.782173895200533
751.1000000001083,-4.0902764263676294
751.2000000001083,-25.137666847810422
751.3000000001083,-32.91175572874571
751.4000000001083,-25.558121005686264
751.5000000001083,-7.714459561442296
751.6000000001084,11.674659787791603
751.7000000001084,18.41107539710142
751.8000000001084,4.4716121480258595
751.9000000001084,-10.183348922042265
752.0000000001085,-11.332720699526691
752.1000000001085,-10.9614085269489
752.2000000001085,-12.73414982652448
752.3000000001085,-3.8606430623397165
752.4000000001085,12.725243490832087
752.5000000001086,19.12836470528559
752.6000000001086,13.226956429320545
752.7000000001086,3.2998155194154073
752.8000000001086,-2.391263708012291
752.9000000001087,1.6399431722917628
753.0000000001087,9.709086920925555
753.1000000001087,14.710700075461652
753.2000000001087,13.411216859020007
753.3000000001088,7.8888428506835
753.4000000001088,7.697682948267595
753.5000000001088,12.710100018899352
753.6000000001088,12.318541140161775
753.7000000001088,8.67366751653872
753.8000000001089,11.532488046918864
753.9000000001089,14.698725635146362
754.0000000001089,7.635480978572977
754.1000000001089,-4.587985507998743
754.200000000109,-12.914318342870601
754.300000000109,-10.339294093765075
754.400000000109,3.9291139511819386
754.500000000109,19.67814627579775
754.600000000109,26.096664561137462
754.7000000001091,14.108832648749727
754.8000000001091,-9.673733815377364
754.9000000001091,-26.467729124286894
755.0000000001091,-21.524758159087177
755.1000000001092,10.545432261721318
755.2000000001092,37.26477410606023
755.3000000001092,28.762554897923557
755.4000000001092,5.759711367122512
755.5000000001093,-9.802514951780969
755.6000000001093,-15.479171128049327
755.7000000001093,-17.612307873802973
755.8000000001093,-29.633273930329857
755.9000000001093,-37.46931613429201
756.0000000001094,-8.112398037100368
756.1000000001094,32.61155653179626
756.2000000001094,35.57013258833495
756.3000000001094,17.077504635361187
756.4000000001095,8.422518332107249
756.5000000001095,7.616777558548482
756.6000000001095,7.957913778738657
756.7000000001095,9.127438824602246
756.8000000001095,9.342375410388126
756.9000000001096,3.8528700081913216
757.0000000001096,-3.0305453031169223
757.1000000001096,0.2439641002526156
757.2000000001096,8.043988304117773
757.3000000001097,6.942693202186851
757.4000000001097,2.5829489127344116
757.5000000001097,4.319419781739062
757.6000000001097,6.6664455339587505
757.7000000001098,5.528062266863899
757.8000000001098,8.631432160367732
757.9000000001098,15.90741119295209
758.0000000001098,13.337695356101579
758.1000000001098,1.1410242606267382
758.2000000001099,-6.296820818094742
758.3000000001099,-8.075559701387585
758.4000000001099,-10.525885733978972
758.5000000001099,-7.437644184054191
758.60000000011,6.169416277863622
758.70000000011,9.281858248951764
758.80000000011,-8.76138752194474
758.90000000011,-16.83090391335766
759.00000000011,-2.219935925585446
759.1000000001101,9.321934056517392
759.2000000001101,8.130954157558389
759.3000000001101,4.196110920027
759.4000000001101,4.6954069294144585
759.5000000001102,12.217545662327593
759.6000000001102,14.663722431534964
759.7000000001102,2.135307436229551
759.8000000001102,-0.9484934574275471
759.9000000001103,18.21530360388665
760.0000000001103,21.274114267067695
760.1000000001103,-2.1246356549318133
760.2000000001103,-6.76023976224045
760.3000000001103,12.661580604263449
760.4000000001104,18.447739673932343
760.5000000001104,10.476053525000529
760.6000000001104,10.780497128155485
760.7000000001104,13.615239508361391
760.8000000001105,6.794545342195853
760.9000000001105,0.1883934051883689
761.0000000001105,3.1502427167962983
761.1000000001105,9.549254098474359
761.2000000001105,10.754762190496024
761.3000000001106,-1.2769352067361142
761.4000000001106,-16.492792980981125
761.5000000001106,-9.580856368248087
761.6000000001106,9.546193371478054
761.7000000001107,13.26217835847635
761.8000000001107,11.60565600209858
761.9000000001107,22.539892884513577
762.0000000001107,33.66102573739613
762.1000000001108,31.194338976095217
762.2000000001108,16.522862566077407
762.3000000001108,-0.6962490788816043
762.4000000001108,-2.5098471453510687
762.5000000001108,9.923451335770098
762.6000000001109,17.369701503523586
762.7000000001109,14.644469253396608
762.8000000001109,6.35968404619517
762.9000000001109,0.5705272835425348
763.000000000111,3.503815974836791
763.100000000111,9.624970150918962
763.200000000111,12.494015473688554
763.300000000111,10.069638725889076
763.400000000111,5.597749793352234
763.5000000001111,8.322954392720415
763.6000000001111,12.793375949223417
763.7000000001111,2.306942100361552
763.8000000001111,-11.777749121974486
763.9000000001112,-6.674249574812114
764.0000000001112,9.273426010017122
764.1000000001112,19.267623616934078
764.2000000001112,16.837113281534716
764.3000000001113,6.07665425299543
764.4000000001113,8.272215924860848
764.5000000001113,25.29534134429709
764.6000000001113,31.43654494393075
764.7000000001113,24.312898758711064
764.8000000001114,20.668851837345688
764.9000000001114,14.898367505116457
765.0000000001114,-4.568708098089811
765.1000000001114,-15.124472893162324
765.2000000001115,1.7306759732519645
765.3000000001115,15.803287846249463
765.4000000001115,8.675494930680912
765.5000000001115,2.7432760135850414
765.6000000001115,6.03036717288733
765.7000000001116,4.5425496750429435
765.8000000001116,0.9825421261264327
765.9000000001116,8.728734155663563
766.0000000001116,14.819574268795789
766.1000000001117,2.7651183797014043
766.2000000001117,0.10169888706074737
766.3000000001117,26.57522397810009
766.4000000001117,44.226222526533675
766.5000000001118,30.894637871871495
766.6000000001118,8.514263635529272
766.7000000001118,-5.717263159489594
766.8000000001118,-5.288396926740308
766.9000000001118,5.4488833866072515
767.0000000001119,15.840035456622472
767.1000000001119,20.59541510657337
767.2000000001119,18.324320120346606
767.3000000001119,13.993029780071835
767.400000000112,11.478578237025252
767.500000000112,8.174993712714896
767.600000000112,4.167201495103104
767.700000000112,4.7487874875687845
767.800000000112,9.934946961164023
767.9000000001121,14.406228796539978
768.0000000001121,13.341213073737855
768.1000000001121,5.087123721562865
768.2000000001121,4.043377098548928
768.3000000001122,16.85606179893345
768.4000000001122,4.203389665937996
768.5000000001122,-9.568265437827094
768.6000000001122,144.72045527289904
768.7000000001123,399.4208976017095
768.8000000001123,387.0140777335763
768.9000000001123,151.80756196205542
769.0000000001123,43.631521910103324
769.1000000001123,60.560231765186096
769.2000000001124,53.190591375283994
769.3000000001124,31.117180194872734
769.4000000001124,29.482603502970562
769.5000000001124,19.74960341001282
769.6000000001125,-6.3290092965233615
769.7000000001125,-4.722597114820928
769.8000000001125,22.493516850804237
769.9000000001125,23.075548122661093
770.0000000001125,3.5108326819627345
770.1000000001126,4.142052027460436
770.2000000001126,16.691016096509316
770.3000000001126,17.753738489270134
770.4000000001126,3.927196542284865
770.5000000001127,-15.753502390350636
770.6000000001127,-15.405436903224762
770.7000000001127,6.368992448506296
770.8000000001127,14.95882793707329
770.9000000001128,8.881103683321784
771.0000000001128,14.76756568533997
771.1000000001128,26.99452561211146
771.2000000001128,25.875029773575143
771.3000000001128,13.228100553710885
771.4000000001129,-1.1063163332740644
771.5000000001129,-4.571302292119164
771.6000000001129,7.054763307236184
771.7000000001129,21.76342157852283
771.800000000113,27.627059406337615
771.900000000113,16.463614394548966
772.000000000113,2.225450836321631
772.100000000113,8.435742964392864
772.200000000113,16.61403186967778
772.3000000001131,3.0760632131269463
772.4000000001131,-3.1547799794473605
772.5000000001131,14.615260528110866
772.6000000001131,12.820132368869277
772.7000000001132,-15.441138025122441
772.8000000001132,-14.546718928125266
772.9000000001132,12.492365380339958
773.0000000001132,12.511549155870044
773.1000000001133,-2.8963342286016296
773.2000000001133,4.7815766739426575
773.3000000001133,21.68964312297741
773.4000000001133,24.426403156391512
773.5000000001133,13.633218886333118
773.6000000001134,-0.7042111258032144
773.7000000001134,-0.6557889978194174
773.8000000001134,11.346174456242748
773.9000000001134,11.266104800464584
774.0000000001135,2.362857099515036
774.1000000001135,3.784150642203265
774.2000000001135,8.604910595030102
774.3000000001135,5.612567519228023
774.4000000001136,9.986415368981174
774.5000000001136,28.525188491542902
774.6000000001136,34.70335990543168
774.7000000001136,18.269268046521866
774.8000000001136,-2.4512444784267835
774.9000000001137,-12.672167494319964
775.0000000001137,-4.480207887554942
775.1000000001137,11.709032247725663
775.2000000001137,19.3648855608178
775.3000000001138,18.14555089000433
775.4000000001138,11.93058014140863
775.5000000001138,2.5011458183637068
775.6000000001138,-6.075977080082124
775.7000000001138,-5.660235497217529
775.8000000001139,2.8489332225614854
775.9000000001139,9.449348273751413
776.0000000001139,10.772409326191369
776.1000000001139,8.578884733121148
776.200000000114,8.776279514799867
776.300000000114,14.331754240185989
776.400000000114,12.841962372884959
776.500000000114,2.1878846385260644
776.600000000114,6.926034255765882
776.7000000001141,25.080860204193808
776.8000000001141,22.717943236916476
776.9000000001141,29.887525446759625
777.0000000001141,110.0510638145301
777.1000000001142,206.59794457730038
777.2000000001142,238.89651085631843
777.3000000001142,254.53903097249838
777.4000000001142,285.25262965612944
777.5000000001143,245.50731798399895
777.6000000001143,127.88715061851791
777.7000000001143,56.36893241428635
777.8000000001143,49.18166354592531
777.9000000001143,31.2636854930968
778.0000000001144,5.5358676451557995
778.1000000001144,7.7445115230293355
778.2000000001144,21.810042433402117
778.3000000001144,24.005043042396583
778.4000000001145,14.960147317998107
778.5000000001145,2.7538810914309173
778.6000000001145,0.11445821939283585
778.7000000001145,5.145708883075343
778.8000000001146,2.6773298994857093
778.9000000001146,-0.8763298636360891
779.0000000001146,9.880741449769749
779.1000000001146,23.111281806709066
779.2000000001146,21.436087205035378
779.3000000001147,2.018814105750356
779.4000000001147,-22.612614923563076
779.5000000001147,-17.670856733808687
779.6000000001147,11.012109277062244
779.7000000001148,12.514446868029882
779.8000000001148,-5.8541203338765255
779.9000000001148,-1.8866113584472624
780.0000000001148,15.895865822097965
780.1000000001148,23.287061302412717
780.2000000001149,17.35617353737249
780.3000000001149,4.9983273714822225
780.4000000001149,2.9155592343053605
780.5000000001149,7.238405689937165
780.600000000115,-11.105290912974553
780.700000000115,-36.82667826706106
780.800000000115,-26.70942956131754
780.900000000115,1.1864235787654651
781.000000000115,10.023545394364557
781.1000000001151,5.643362249523814
781.2000000001151,3.8129586783448817
781.3000000001151,16.43340249267566
781.4000000001151,35.80039765920647
781.5000000001152,29.467234826641764
781.6000000001152,5.2809597249738935
781.7000000001152,1.9380574886820279
781.8000000001152,12.261742349106354
781.9000000001153,10.8889051822937
782.0000000001153,-0.15115904236161393
782.1000000001153,-10.698210344666649
782.2000000001153,-10.693761366642793
782.3000000001153,-1.134794552477656
782.4000000001154,0.8201798696629551
782.5000000001154,-4.217464541709433
782.6000000001154,-0.010780176110872342
782.7000000001154,9.125381864761227
782.8000000001155,10.09400797092745
782.9000000001155,4.924421011049099
783.0000000001155,-0.6394052772233548
783.1000000001155,-4.177137945061192
783.2000000001156,-5.611208505653345
783.3000000001156,-7.505265517332299
783.4000000001156,-6.59995513441391
783.5000000001156,4.668743536502059
783.6000000001156,16.212175344517952
783.7000000001157,13.042975714732027
783.8000000001157,11.182352260177439
783.9000000001157,23.10959564996062
784.0000000001157,18.54472609098066
784.1000000001158,-9.742653747798363
784.2000000001158,-16.11626643467264
784.3000000001158,5.964163359132275
784.4000000001158,19.347950568056493
784.5000000001158,14.89799369678947
784.6000000001159,2.6455863795063683
784.7000000001159,-4.446382227222106
784.8000000001159,1.4707217906454464
784.9000000001159,8.973306289149498
785.000000000116,8.971881765254755
785.100000000116,3.6577255070250656
785.200000000116,-2.8358124214665787
785.300000000116,-5.700180528323416
785.400000000116,-1.5931054502350062
785.5000000001161,9.365425288896354
785.6000000001161,12.122135670807026
785.7000000001161,-2.923690165294988
785.8000000001161,-9.580909155573952
785.9000000001162,3.208767649287102
786.0000000001162,5.628379020856819
786.1000000001162,-6.265786881721047
786.2000000001162,-5.603544752222565
786.3000000001163,4.720372503211941
786.4000000001163,5.709793903347168
786.5000000001163,4.817730669462451
786.6000000001163,14.401168526865337
786.7000000001163,29.662621926391946
786.8000000001164,39.74078230519484
786.9000000001164,29.829291920104744
787.0000000001164,5.805458618893143
787.1000000001164,-5.301663094532006
787.2000000001165,-2.0737947312002833
787.3000000001165,1.70813419681145
787.4000000001165,5.985496356180715
787.5000000001165,12.37372809185141
787.6000000001166,10.748762829781587
787.7000000001166,0.4132424302198774
787.8000000001166,1.958008344461198
787.9000000001166,14.54220653846315
788.0000000001166,13.781009481368203
788.1000000001167,3.4664801299555386
788.2000000001167,2.0381584422949155
788.3000000001167,2.324773948216923
788.4000000001167,-5.2859324428859855
788.5000000001168,-7.5351543225023585
788.6000000001168,0.47403758050783606
788.7000000001168,0.683795943515861
788.8000000001168,-7.415330222776297
788.9000000001168,-5.1030501947381035
789.0000000001169,3.1427864216963064
789.1000000001169,1.1995663689399414
789.2000000001169,-7.0658434685596045
789.3000000001169,-11.753391813787333
789.400000000117,-6.665600559577489
789.500000000117,6.070935306081475
789.600000000117,11.469295365694247
789.700000000117,5.445520405219116
789.800000000117,-3.783450784976424
789.9000000001171,-10.09936103786908
790.0000000001171,-10.03962157276856
790.1000000001171,-5.911006634514703
790.2000000001171,-0.7670532553872044
790.3000000001172,5.82050056386262
790.4000000001172,11.89637940793472
790.5000000001172,10.931633591855114
790.6000000001172,5.976366430522798
790.7000000001173,8.08013078587397
790.8000000001173,11.69376122704936
790.9000000001173,6.663886388757367
791.0000000001173,7.876881437052967
791.1000000001173,23.272864872899543
791.2000000001174,20.541500560311434
791.3000000001174,-4.672457615652231
791.4000000001174,-5.433602997462016
791.5000000001174,15.170162315463493
791.6000000001175,11.431083297861472
791.7000000001175,-4.105225774826045
791.8000000001175,1.5309948315084578
791.9000000001175,11.095238523385756
792.0000000001176,5.743533532293031
792.1000000001176,-0.7841894956104238
792.2000000001176,4.509214629314722
792.3000000001176,24.79885631320945
792.4000000001176,36.61188276993463
792.5000000001177,4.865852660614424
792.6000000001177,-27.331150593689365
792.7000000001177,-4.720504116314938
792.8000000001177,22.777820674562438
792.9000000001178,12.508060804541488
793.0000000001178,0.014420915316218696
793.1000000001178,6.8565915464190486
793.2000000001178,22.263854595376433
793.3000000001178,30.334827041207834
793.4000000001179,17.34528908690299
793.5000000001179,0.34667814812520964
793.6000000001179,1.1533574264054351
793.7000000001179,10.86841461424934
793.800000000118,17.906874200668923
793.900000000118,19.562444526194177
794.000000000118,13.783468418323732
794.100000000118,-0.9949106988218235
794.200000000118,-14.621539185441362
794.3000000001181,-11.952983181800665
794.4000000001181,5.178171220768502
794.5000000001181,25.75566104052753
794.6000000001181,30.022075294262986
794.7000000001182,15.813343467688897
794.8000000001182,13.908751494494162
794.9000000001182,25.934307471785534
795.0000000001182,23.43394205648265
795.1000000001183,7.887292916764086
795.2000000001183,-1.8567000861557954
795.3000000001183,8.423403766384984
795.4000000001183,37.09493988082164
795.5000000001183,43.77489101498579
795.6000000001184,16.739959568726132
795.7000000001184,-3.127925041243365
795.8000000001184,-0.2869990323319618
795.9000000001184,13.832906848160556
796.0000000001185,21.666254975241323
796.1000000001185,11.137685641789819
796.2000000001185,5.314630656574309
796.3000000001185,17.775152414459598
796.4000000001186,18.494560474413777
796.5000000001186,3.068344782730198
796.6000000001186,5.776515219998406
796.7000000001186,18.474272920327248
796.8000000001186,7.318444154483458
796.9000000001187,-5.357911661401488
797.0000000001187,8.912209726657323
797.1000000001187,14.678025857211827
797.2000000001187,-5.463453755164462
797.3000000001188,-7.280304254952558
797.4000000001188,13.155398022405254
797.5000000001188,11.827674580201396
797.6000000001188,-6.041970604550871
797.7000000001188,-8.554171335276726
797.8000000001189,3.0937431736045893
797.9000000001189,15.711326577721902
798.0000000001189,15.296578213233579
798.1000000001189,1.5242940258308888
798.200000000119,-4.734244089568272
798.300000000119,-3.4588849689312453
798.400000000119,-11.69188992140231
798.500000000119,-12.929990177137796
798.600000000119,13.501085962566075
798.7000000001191,27.820067334299594
798.8000000001191,4.4343756111700525
798.9000000001191,-9.533448427639684
799.0000000001191,1.2546070110775083
799.1000000001192,-0.7604540755696629
799.2000000001192,-12.16988982403395
799.3000000001192,-3.1095225826555084
799.4000000001192,8.652535277209607
799.5000000001193,-0.45592341392043123
799.6000000001193,-3.68875076474183
799.7000000001193,13.357838029401636
799.8000000001193,21.740263581208147
799.9000000001193,16.784942969451706
800.0000000001194,21.4865132407753
800.1000000001194,23.687840526732117
800.2000000001194,1.2244668576958215
800.3000000001194,-5.247063429625509
800.4000000001195,30.33137511631788
800.5000000001195,38.60129797916859
800.6000000001195,0.5452575253213157
800.7000000001195,-7.260306280504181
800.8000000001196,19.415168339726396
800.9000000001196,24.571237624758737
801.0000000001196,13.601161815364485
801.1000000001196,13.56161373812604
801.2000000001196,18.33599845093635
801.3000000001197,17.438730888472453
801.4000000001197,9.025308698748201
801.5000000001197,-1.0217234058292914
801.6000000001197,-0.07500713677297943
801.7000000001198,11.795125540065152
801.8000000001198,25.891412870371887
801.9000000001198,33.87753283167421
802.0000000001198,31.95997831665477
802.1000000001198,29.417335862066587
802.2000000001199,34.65475801722044
802.3000000001199,50.22656068104919
802.4000000001199,69.79271017090117
802.5000000001199,80.33053242792968
802.60000000012,76.8600836955085
802.70000000012,62.883550214280795
802.80000000012,60.17471156395196
802.90000000012,78.6929464647215
803.00000000012,91.42908851664126
803.1000000001201,90.303253019814
803.2000000001201,94.98636763116652
803.3000000001201,100.18109736357174
803.4000000001201,87.71964110363326
803.5000000001202,74.15657014545508
803.6000000001202,77.58369694291228
803.7000000001202,79.66044389867527
803.8000000001202,68.49979412886411
803.9000000001203,54.66421639584283
804.0000000001203,43.90181619716546
804.1000000001203,35.777570828819826
804.2000000001203,32.58101803445608
804.3000000001203,35.68867920983677
804.4000000001204,35.85325707121067
804.5000000001204,29.102302925145008
804.6000000001204,29.453753981493083
804.7000000001204,34.03064451730612
804.8000000001205,18.838700889485388
804.9000000001205,-3.074539227678729
805.0000000001205,0.3460538149558676
805.1000000001205,15.646010469440279
805.2000000001206,19.224343776773516
805.3000000001206,9.223805045278109
805.4000000001206,-3.078642553777337
805.5000000001206,6.433084091727205
805.6000000001206,26.268446189043754
805.7000000001207,17.74916406365655
805.8000000001207,-5.168885731933829
805.9000000001207,-9.373490517162118
806.0000000001207,6.100478778051276
806.1000000001208,25.49374549843909
806.2000000001208,16.388447072053864
806.3000000001208,-14.60796660360547
806.4000000001208,-16.713243595644105
806.5000000001208,7.855830505732294
806.6000000001209,24.73925159362448
806.7000000001209,23.494187043300094
806.8000000001209,7.246552955950636
806.9000000001209,-6.718598790205642
807.000000000121,-6.258421945260366
807.100000000121,8.345099415742606
807.200000000121,23.556680315356978
807.300000000121,19.161928748817235
807.400000000121,2.2790444260369647
807.5000000001211,-11.059248752981198
807.6000000001211,-18.86532844527295
807.7000000001211,-18.79254534750737
807.8000000001211,-1.9950300896760496
807.9000000001212,21.70272670788486
808.0000000001212,24.903699637404443
808.1000000001212,13.310502271689712
808.2000000001212,8.03746551456167
808.3000000001213,7.470901349765781
808.4000000001213,4.358162752152831
808.5000000001213,-4.692897213736431
808.6000000001213,-14.626030951132066
808.7000000001213,-11.22718445713721
808.8000000001214,-0.39125860101919846
808.9000000001214,0.22305655776598932
809.0000000001214,-3.4814014470126815
809.1000000001214,0.2906195211124438
809.2000000001215,11.632729930423736
809.3000000001215,21.786645563963358
809.4000000001215,12.511854840190022
809.5000000001215,-5.189275521022972
809.6000000001216,1.8932378529427085
809.7000000001216,19.50375129795943
809.8000000001216,18.725864393752758
809.9000000001216,10.025524788244471
810.0000000001216,6.737546105256933
810.1000000001217,6.755134083453308
810.2000000001217,5.8222442062356405
810.3000000001217,0.11696047463257334
810.4000000001217,-6.973098777060185
810.5000000001218,-9.155018316324497
810.6000000001218,-8.24398421694904
810.7000000001218,-5.401092655833333
810.8000000001218,6.616783463920057
810.9000000001218,24.838809675739036
811.0000000001219,31.035648543141306
811.1000000001219,18.27556242176156
811.2000000001219,-7.726973731800838
811.3000000001219,-20.08432732599822
811.400000000122,-0.17633262092594038
811.500000000122,16.93631530282416
811.600000000122,12.97008923275845
811.700000000122,14.62644490854723
811.800000000122,21.38785062260774
811.9000000001221,8.773724306266175
812.0000000001221,-8.410373049513591
812.1000000001221,-5.157078166677836
812.2000000001221,5.695842266411444
812.3000000001222,12.456000219010154
812.4000000001222,24.2018758798811
812.5000000001222,32.35250082265163
812.6000000001222,11.523871126942218
812.7000000001223,-11.24224560580951
812.8000000001223,4.652106251045574
812.9000000001223,13.631979339124278
813.0000000001223,-18.169075913554348
813.1000000001223,-33.760874497187146
813.2000000001224,-11.722212286028858
813.3000000001224,8.230139850104102
813.4000000001224,9.62049045662738
813.5000000001224,-2.854158606465763
813.6000000001225,-11.478270204539527
813.7000000001225,-3.0805043789098425
813.8000000001225,9.192886875818619
813.9000000001225,11.92904103883361
814.0000000001226,-0.3602591816470426
814.1000000001226,-13.310429884613809
814.2000000001226,-2.9336940518238483
814.3000000001226,12.996899082410195
814.4000000001226,9.334378541628158
814.5000000001227,-2.602491114547676
814.6000000001227,-7.72055451531463
814.7000000001227,1.1975531431466233
814.8000000001227,13.866882936554306
814.9000000001228,9.283406973938554
815.0000000001228,7.590934328659384
815.1000000001228,32.00010545421932
815.2000000001228,35.168777348439455
815.3000000001228,-4.337101029888275
815.4000000001229,-22.130752251202175
815.5000000001229,-1.3034188941545692
815.6000000001229,16.026786301307713
815.7000000001229,15.082142661864047
815.800000000123,2.7177317750065635
815.900000000123,5.792143894992954
816.000000000123,30.748804355331778
816.100000000123,25.437225972006072
816.200000000123,-10.727134008987802
816.3000000001231,-12.337632381720383
816.4000000001231,12.060626559300221
816.5000000001231,14.467524157151495
816.6000000001231,5.839439768696588
816.7000000001232,7.560876504580742
816.8000000001232,16.205656472173363
816.9000000001232,19.075790663843915
817.0000000001232,-0.7146108438267338
817.1000000001233,-19.77017236266161
817.2000000001233,1.4174675767490617
817.3000000001233,21.548701902111954
817.4000000001233,0.6833873940126832
817.5000000001234,-8.094416315817824
817.6000000001234,17.011668017712942
817.7000000001234,27.42963778528823
817.8000000001234,12.860902440266932
817.9000000001234,-2.5632785608725257
818.0000000001235,-1.5465522566032974
818.1000000001235,20.947468015187745
818.2000000001235,40.63595526822796
818.3000000001235,41.0693848863488
818.4000000001236,29.388261346855725
818.5000000001236,24.984161474726186
818.6000000001236,49.61885078669313
818.7000000001236,75.97756732646963
818.8000000001236,68.07307500296615
818.9000000001237,40.54490867764163
819.0000000001237,17.703444198069207
819.1000000001237,19.051906527150035
819.2000000001237,31.675646915979165
819.3000000001238,18.77034062618776
819.4000000001238,-1.4338651601212933
819.5000000001238,3.7917099083495835
819.6000000001238,13.719059271437303
819.7000000001239,10.001521358645748
819.8000000001239,4.696176111158091
819.9000000001239,7.216460132388164
820.0000000001239,18.95370535970101
820.1000000001239,25.676128069524317
820.200000000124,13.436426687805302
820.300000000124,4.438105560027545
820.400000000124,12.103621964082484
820.500000000124,12.190133348887114
820.600000000124,2.463739507594802
820.7000000001241,6.989484071583336
820.8000000001241,22.029275709980013
820.9000000001241,30.58996807629823
821.0000000001241,31.236131538392538
821.1000000001242,26.02266391049127
821.2000000001242,15.42910463197654
821.3000000001242,18.07227085393182
821.4000000001242,66.80150509905907
821.5000000001243,122.78931975671395
821.6000000001243,121.93257242415976
821.7000000001243,88.09762487061023
821.8000000001243,57.96535056558996
821.9000000001244,36.44709706555966
822.0000000001244,29.06912742993585
822.1000000001244,45.10809314099867
822.2000000001244,67.59363933667932
822.3000000001244,68.84204549283797
822.4000000001245,50.51982833435962
822.5000000001245,26.328738121448314
822.6000000001245,16.10476693562402
822.7000000001245,19.722148279780217
822.8000000001246,13.843728511692412
822.9000000001246,3.8460113301768897
823.0000000001246,8.435095870425023
823.1000000001246,14.821658409251103
823.2000000001246,8.882407845409324
823.3000000001247,-1.484147808067499
823.4000000001247,-4.883475517473102
823.5000000001247,7.963625122457955
823.6000000001247,18.936769976655523
823.7000000001248,2.379284190018538
823.8000000001248,-12.841013477716434
823.9000000001248,1.423966265438093
824.0000000001248,26.679033753350136
824.1000000001249,46.71091063929388
824.2000000001249,57.16438849169334
824.3000000001249,51.28876330794423
824.4000000001249,25.194419570680182
824.5000000001249,1.2098401607201184
824.600000000125,-1.8726448106024058
824.700000000125,4.2184974057515925
824.800000000125,10.921910112667662
824.900000000125,18.937031317559708
825.000000000125,19.462841045585023
825.1000000001251,3.1203476241417842
825.2000000001251,-7.3337037453731
825.3000000001251,4.727118624158318
825.4000000001251,14.601951464796384
825.5000000001252,9.732004474388864
825.6000000001252,0.35896713704046124
825.7000000001252,-9.498076929176108
825.8000000001252,-18.58939936969836
825.9000000001253,-14.014919927575372
826.0000000001253,8.158803162952019
826.1000000001253,21.247049029096903
826.2000000001253,19.809103190310616
826.3000000001254,27.507943784397405
826.4000000001254,34.944165537296904
826.5000000001254,18.79963491438134
826.6000000001254,-2.0021633534530925
826.7000000001254,-5.145849858121623
826.8000000001255,7.3795602140077
826.9000000001255,15.748513056345853
827.0000000001255,-6.564555537151392
827.1000000001255,28.710902983531312
827.2000000001256,216.75921370714406
827.3000000001256,341.44729475462054
827.4000000001256,245.58882520986364
827.5000000001256,119.46484216956863
827.6000000001256,65.61710353260565
827.7000000001257,32.65591611470034
827.8000000001257,4.617206919572004
827.9000000001257,-8.873462012272249
828.0000000001257,-0.6016645572256727
828.1000000001258,25.10706518233278
828.2000000001258,41.15635335692958
828.3000000001258,36.393885328443595
828.4000000001258,20.904137050728135
828.5000000001259,8.729433993286195
828.6000000001259,10.307389618877304
828.7000000001259,13.608300382327078
828.8000000001259,10.612632779407017
828.9000000001259,13.312420147963508
829.000000000126,19.074858599499645
829.100000000126,11.139823842935433
829.200000000126,4.595983066681105
829.300000000126,19.208705883870703
829.400000000126,25.03909425771296
829.5000000001261,5.599542879361599
829.6000000001261,-7.1779918813521215
829.7000000001261,-3.0701967477791996
829.8000000001261,3.123897597992197
829.9000000001262,6.668788998163966
830.0000000001262,7.640161062742587
830.1000000001262,3.9552514527721336
830.2000000001262,-1.5709855977956073
830.3000000001263,2.620492417684065
830.4000000001263,13.909610271267885
830.5000000001263,17.855446273769992
830.6000000001263,12.028402364606869
830.7000000001264,1.0779910760006841
830.8000000001264,-5.356843478332701
830.9000000001264,-2.411351731968306
831.0000000001264,5.328160273859922
831.1000000001264,11.303577632906315
831.2000000001265,9.45367348213586
831.3000000001265,2.959353613437386
831.4000000001265,-2.2240768302212484
831.5000000001265,-3.084387501080867
831.6000000001266,-0.3202689796417082
831.7000000001266,1.1817095875433894
831.8000000001266,2.242310618811362
831.9000000001266,6.147385182097633
832.0000000001266,4.621946514865411
832.1000000001267,-6.7437382740411875
832.2000000001267,-11.200261928073184
832.3000000001267,-2.8937525345434754
832.4000000001267,6.054052945313133
832.5000000001268,12.99920305708982
832.6000000001268,19.200534804469616
832.7000000001268,9.924756294034754
832.8000000001268,-15.112162750045542
832.9000000001269,-11.810682006948122
833.0000000001269,19.536813834335685
833.1000000001269,25.518835225687862
833.2000000001269,10.962240089112969
833.3000000001269,7.76304844178512
833.400000000127,9.610802044052267
833.500000000127,5.904051362965168
833.600000000127,-0.8638504623354095
833.700000000127,-7.225676277572397
833.800000000127,-10.020019826782054
833.9000000001271,-3.1444479977815183
834.0000000001271,14.220930191641791
834.1000000001271,17.431273630547103
834.2000000001271,-1.7075667452483554
834.3000000001272,-12.691808992623564
834.4000000001272,-8.497347181328935
834.5000000001272,-3.957806850672407
834.6000000001272,4.626716561821787
834.7000000001273,21.361658882577004
834.8000000001273,24.81242269500292
834.9000000001273,10.20384875313488
835.0000000001273,4.15241828071097
835.1000000001274,4.478290486354468
835.2000000001274,-7.9744631541748445
835.3000000001274,-9.610829272400533
835.4000000001274,15.947696319840817
835.5000000001274,23.088570679613266
835.6000000001275,-1.8984928428932732
835.7000000001275,-19.411493337944783
835.8000000001275,-12.780155775004362
835.9000000001275,11.556944683115333
836.0000000001276,18.665515111255942
836.1000000001276,-3.861605550011488
836.2000000001276,0.07237936434345205
836.3000000001276,30.861368173700605
836.4000000001276,25.156795464440812
836.5000000001277,-2.2961186544989407
836.6000000001277,-6.026339000112172
836.7000000001277,2.6751258161762115
836.8000000001277,6.668381163961382
836.9000000001278,5.363861190924902
837.0000000001278,2.7206953777734295
837.1000000001278,3.922884112138549
837.2000000001278,4.4401969846117755
837.3000000001279,-0.4735131147346908
837.4000000001279,-1.760835990498474
837.5000000001279,3.759447598872707
837.6000000001279,6.180534318770943
837.700000000128,2.3996803464347094
837.800000000128,-3.7587569005406487
837.900000000128,-3.6392537250888
838.000000000128,5.612179498886455
838.100000000128,7.279505272235067
838.2000000001281,-0.4075693588117856
838.3000000001281,1.651859681555742
838.4000000001281,6.708380440852455
838.5000000001281,-0.9367128520821324
838.6000000001281,1.670190967829689
838.7000000001282,25.83696816345944
838.8000000001282,34.62173472826663
838.9000000001282,16.031967216353724
839.0000000001282,-9.414995439450731
839.1000000001283,-20.32498994048984
839.2000000001283,-5.825039258238308
839.3000000001283,7.438738338630596
839.4000000001283,3.494073256619145
839.5000000001284,-1.2388454035082164
839.6000000001284,-1.3733106758370281
839.7000000001284,-2.6712427494211495
839.8000000001284,-5.7802941686269635
839.9000000001284,-5.900372584409562
840.0000000001285,10.58190411268984
840.1000000001285,34.85505254106365
840.2000000001285,29.564358328341367
840.3000000001285,7.5811459649583055
840.4000000001286,5.4801747744943015
840.5000000001286,3.4868976155066416
840.6000000001286,-14.309948003410803
840.7000000001286,-16.490403161849535
840.8000000001286,2.096353353474393
840.9000000001287,14.011729852738421
841.0000000001287,15.593800973636608
841.1000000001287,14.377486341776821
841.2000000001287,9.796253665550072
841.3000000001288,2.7434782427696955
841.4000000001288,-0.20543563650108077
841.5000000001288,3.4731353648341883
841.6000000001288,11.363252023492233
841.7000000001289,14.322021778122798
841.8000000001289,7.1929107266262315
841.9000000001289,3.5648289004879476
842.0000000001289,7.675039098842375
842.100000000129,7.21097395122262
842.200000000129,-4.253151009680251
842.300000000129,-22.846781713378668
842.400000000129,-17.400569313273802
842.500000000129,18.98281390629797
842.6000000001291,25.5005199729254
842.7000000001291,-2.47565833937838
842.8000000001291,-9.231620567866546
842.9000000001291,3.0289985355860733
843.0000000001291,8.186057746671194
843.1000000001292,3.045054887016799
843.2000000001292,-3.2572688605990328
843.3000000001292,7.965159056854824
843.4000000001292,22.574591424562946
843.5000000001293,9.605758466263747
843.6000000001293,-3.432496258069496
843.7000000001293,10.923756920785939
843.8000000001293,23.46306519561749
843.9000000001294,19.186441435828684
844.0000000001294,11.4454265033724
844.1000000001294,10.480895783122861
844.2000000001294,19.377984801265395
844.3000000001294,23.051942007576088
844.4000000001295,24.188889275381843
844.5000000001295,65.28691698228596
844.6000000001295,119.56657543001265
844.7000000001295,107.10257108935512
844.8000000001296,52.91009417863212
844.9000000001296,13.83169448790455
845.0000000001296,0.9412404266588181
845.1000000001296,5.4175194481877265
845.2000000001296,4.815370092900163
845.3000000001297,2.2849126874982906
845.4000000001297,13.050419036351451
845.5000000001297,22.200522667419694
845.6000000001297,17.298517728201883
845.7000000001298,11.703616124340344
845.8000000001298,10.807660216093293
845.9000000001298,8.759415694446187
846.0000000001298,4.3631304851478
846.1000000001299,-0.7680074847157405
846.2000000001299,-4.125555247611629
846.3000000001299,-1.4938644297640855
846.4000000001299,12.628755285610373
846.50000000013,27.82195191353087
846.60000000013,25.938154920354638
846.70000000013,13.33290289384133
846.80000000013,1.524809740592638
846.90000000013,-6.218931419628138
847.0000000001301,-3.983502563315523
847.1000000001301,15.115152601261043
847.2000000001301,26.506437263800276
847.3000000001301,3.992732624641758
847.4000000001301,-20.13308594169362
847.5000000001302,-17.331815275991264
847.6000000001302,9.102249661965516
847.7000000001302,28.326279011131838
847.8000000001302,3.898300080422977
847.9000000001303,-14.64983812240335
848.0000000001303,14.18953067303811
848.1000000001303,28.76792906830285
848.2000000001303,8.858595903530937
848.3000000001304,-0.3685514831488108
848.4000000001304,5.581953537951124
848.5000000001304,9.501208676647817
848.6000000001304,9.168978380859791
848.7000000001304,5.835458708482591
848.8000000001305,0.5528049205489247
848.9000000001305,2.6467385876653324
849.0000000001305,22.246647887939506
849.1000000001305,30.476557666389585
849.2000000001306,6.7898228940787595
849.3000000001306,-7.188044173082194
849.4000000001306,1.6318710196689978
849.5000000001306,1.8924308860070023
849.6000000001306,-3.401898293185694
849.7000000001307,3.128716628756604
849.8000000001307,9.122782352204888
849.9000000001307,6.747873225206373
850.0000000001307,9.095881084417153
850.1000000001308,10.074089986491728
850.2000000001308,-7.058008252736783
850.3000000001308,-11.490786641564807
850.4000000001308,16.47465497391266
850.5000000001309,18.38206809249508
850.6000000001309,-11.38386784604315
850.7000000001309,-6.162994736205629
850.8000000001309,18.558415427750877
850.900000000131,13.915674718278431
851.000000000131,-2.18265386345385
851.100000000131,-6.664855994881348
851.200000000131,1.7059981478954964
851.300000000131,8.292323440960688
851.4000000001311,-4.764498588420086
851.5000000001311,-5.900387637012312
851.6000000001311,25.039472905999702
851.7000000001311,31.950753277920665
851.8000000001311,3.3916346913895694
851.9000000001312,-9.76663940070977
852.0000000001312,-0.1829608751982854
852.1000000001312,14.541971509568542
852.2000000001312,20.99345847503308
852.3000000001313,13.46391722251442
852.4000000001313,-2.158758643656945
852.5000000001313,-12.405508689565526
852.6000000001313,-3.449367980646385
852.7000000001314,11.708554722547031
852.8000000001314,18.65663089443668
852.9000000001314,22.24328125351833
853.0000000001314,22.802889204485982
853.1000000001314,14.906326834186988
853.2000000001315,12.987132825728317
853.3000000001315,28.200888562237598
853.4000000001315,24.968031616204936
853.5000000001315,0.06764977731432609
853.6000000001316,9.839682205611513
853.7000000001316,32.641107768319394
853.8000000001316,8.662473402717083
853.9000000001316,-12.611119347792538
854.0000000001316,8.84962744530939
854.1000000001317,18.63179013141176
854.2000000001317,5.291593772506098
854.3000000001317,6.791560330550682
854.4000000001317,19.57523874256854
854.5000000001318,26.744265436086387
854.6000000001318,31.469232405950027
854.7000000001318,31.802945636114586
854.8000000001318,15.708378921963625
854.9000000001319,-4.0177158950045735
855.0000000001319,-6.094352110549032
855.1000000001319,-3.456197824511092
855.2000000001319,-7.624886718302505
855.300000000132,-9.816255342352989
855.400000000132,-6.279790801283103
855.500000000132,0.5134296058591107
855.600000000132,8.817778640283985
855.700000000132,14.577047474587793
855.8000000001321,7.310968411834212
855.9000000001321,-5.107611524980287
856.0000000001321,3.536748089809666
856.1000000001321,17.7197070832294
856.2000000001321,10.341082343420881
856.3000000001322,-2.701637129047352
856.4000000001322,-3.9450929823047254
856.5000000001322,9.355964426198963
856.6000000001322,21.52278963420184
856.7000000001323,12.038838675397816
856.8000000001323,0.6230672099428403
856.9000000001323,5.706555399658441
857.0000000001323,14.703493712091678
857.1000000001324,18.5786681435381
857.2000000001324,16.46110135318787
857.3000000001324,12.25573941275792
857.4000000001324,9.885467964930879
857.5000000001324,7.488235929034161
857.6000000001325,4.902943409082318
857.7000000001325,5.093276454815351
857.8000000001325,5.611695187626885
857.9000000001325,2.0209399563236223
858.0000000001326,-4.365972825637416
858.1000000001326,-10.608588283843906
858.2000000001326,-13.256733884138194
858.3000000001326,-4.614608318316559
858.4000000001326,20.267255849465663
858.5000000001327,31.925917120848002
858.6000000001327,13.321176190840122
858.7000000001327,3.2425213522935072
858.8000000001327,8.700060320980961
858.9000000001328,0.2039571239981307
859.0000000001328,-11.784137532636903
859.1000000001328,-5.036452099892017
859.2000000001328,17.40426834074576
859.3000000001329,40.27552057440502
859.4000000001329,41.089716916278604
859.5000000001329,26.858388102220815
859.6000000001329,16.95059756241609
859.700000000133,3.832937070577618
859.800000000133,-12.1932893192742
859.900000000133,-6.215005323461706
860.000000000133,11.60003659214846
860.100000000133,8.256697904937816
860.2000000001331,-5.518418661050272
860.3000000001331,-10.36796067181259
860.4000000001331,-3.952462326785307
860.5000000001331,8.928227321761211
860.6000000001332,19.294128707646248
860.7000000001332,23.734527812258854
860.8000000001332,22.0540798010125
860.9000000001332,15.754108662659592
861.0000000001332,10.95476500126439
861.1000000001333,17.266607785247995
861.2000000001333,20.639722149079795
861.3000000001333,3.226302668339914
861.4000000001333,-9.825240313406253
861.5000000001334,-3.2020251689682766
861.6000000001334,4.008916946051259
861.7000000001334,7.178155141029855
861.8000000001334,12.53053094877786
861.9000000001334,11.076123119961373
862.0000000001335,-1.0468956994483998
862.1000000001335,-5.862092664917486
862.2000000001335,2.3611720584644154
862.3000000001335,13.762012365870921
862.4000000001336,12.10796645360011
862.5000000001336,-6.120483956113273
862.6000000001336,-2.958210997096784
862.7000000001336,30.122382569076358
862.8000000001337,58.7621993215706
862.9000000001337,64.3116789723622
863.0000000001337,45.030173823329804
863.1000000001337,23.830148623853166
863.2000000001337,15.509586202304483
863.3000000001338,14.52315710519218
863.4000000001338,20.099258943661706
863.5000000001338,31.680281114168658
863.6000000001338,29.372678506733575
863.7000000001339,9.45551827597596
863.8000000001339,7.275480787504872
863.9000000001339,19.897343384121882
864.0000000001339,15.551111458514963
864.100000000134,5.628028721537562
864.200000000134,6.030528084304852
864.300000000134,5.38876671454541
864.400000000134,3.649816385891813
864.500000000134,13.12612799824411
864.6000000001341,19.305292964795
864.7000000001341,8.026021996104538
864.8000000001341,3.075989149468404
864.9000000001341,12.302400446387518
865.0000000001342,16.21111717172075
865.1000000001342,13.535726703933472
865.2000000001342,12.750646316714976
865.3000000001342,16.317044780240806
865.4000000001342,23.16494867403651
865.5000000001343,28.77204343637181
865.6000000001343,26.09538899299141
865.7000000001343,10.539727666622396
865.8000000001343,-4.070776519547836
865.9000000001344,-3.9475127590840144
866.0000000001344,13.23609324462283
866.1000000001344,26.997996933232585
866.2000000001344,9.704579512356498
866.3000000001344,-4.246684513509373
866.4000000001345,11.167357588506357
866.5000000001345,13.743660682450866
866.6000000001345,3.69359401390397
866.7000000001345,23.453488822837738
866.8000000001346,46.743905402581966
866.9000000001346,38.93654295962038
867.0000000001346,27.202799238266294
867.1000000001346,27.065436549555205
867.2000000001347,28.103644115843807
867.3000000001347,25.31693148731199
867.4000000001347,20.67078116534737
867.5000000001347,27.01152679135279
867.6000000001347,42.1660525486828
867.7000000001348,44.80224538182758
867.8000000001348,71.17521890476688
867.9000000001348,159.7205834232942
868.0000000001348,208.8669932893088
868.1000000001349,174.7588793945282
868.2000000001349,161.70131940514773
868.3000000001349,171.22570711970837
868.4000000001349,140.69635397940533
868.500000000135,112.9160672714975
868.600000000135,117.88506560577716
868.700000000135,99.39983954576108
868.800000000135,57.671284001703214
868.900000000135,40.92085087727645
869.0000000001351,44.81162545572699
869.1000000001351,51.81123902636251
869.2000000001351,59.57148286348458
869.3000000001351,67.2976738539775
869.4000000001352,73.35151271415106
869.5000000001352,74.27859384379342
869.6000000001352,66.14565384700161
869.7000000001352,46.324586491340085
869.8000000001352,28.217663592900234
869.9000000001353,37.93632816526348
870.0000000001353,56.39896913236897
870.1000000001353,54.954207238942026
870.2000000001353,46.8719551378194
870.3000000001354,41.539957202295085
870.4000000001354,33.32047306923246
870.5000000001354,26.52545761495821
870.6000000001354,28.532251730305898
870.7000000001354,34.73687409940804
870.8000000001355,36.182988355785916
870.9000000001355,24.24100878749581
871.0000000001355,22.210921843089903
871.1000000001355,55.87199937967884
871.2000000001356,72.83262981725
871.3000000001356,43.73317429412258
871.4000000001356,12.569661007075076
871.5000000001356,-0.15073407334860456
871.6000000001357,5.068477201432298
871.7000000001357,36.367071048784624
871.8000000001357,80.04228707732015
871.9000000001357,78.40666173533296
872.0000000001357,35.39867454318685
872.1000000001358,4.497659509426844
872.2000000001358,4.323153491031409
872.3000000001358,25.375950605492953
872.4000000001358,26.609735544803872
872.5000000001359,6.2150472764281925
872.6000000001359,-1.3763627099872462
872.7000000001359,10.773168163511098
872.8000000001359,29.15628534542643
872.900000000136,19.929537299675165
873.000000000136,-8.374631234203196
873.100000000136,-8.413356125598433
873.200000000136,7.051558108193479
873.300000000136,12.34121646346262
873.4000000001361,20.80612172011943
873.5000000001361,30.82273537332378
873.6000000001361,20.995555802800695
873.7000000001361,10.682302442795274
873.8000000001362,22.31444206199327
873.9000000001362,25.88258559804554
874.0000000001362,14.093750089654105
874.1000000001362,17.085655474830038
874.2000000001362,31.3032482332894
874.3000000001363,38.07266806156409
874.4000000001363,33.65825516163174
874.5000000001363,25.801822444875228
874.6000000001363,30.897711874534863
874.7000000001364,37.56129642555921
874.8000000001364,28.521240854089637
874.9000000001364,26.57925971134283
875.0000000001364,45.270340225307116
875.1000000001364,70.07187873322724
875.2000000001365,82.60079712267594
875.3000000001365,71.87866964878489
875.4000000001365,60.829106839313994
875.5000000001365,63.213714037555775
875.6000000001366,65.10850972935226
875.7000000001366,63.63174127924929
875.8000000001366,63.85956659915045
875.9000000001366,64.7493783883808
876.0000000001367,61.12402092602008
876.1000000001367,45.160657099149375
876.2000000001367,29.865674632794953
876.3000000001367,35.87835689003322
876.4000000001367,46.30035150294125
876.5000000001368,45.5151334105882
876.6000000001368,40.858622523768695
876.7000000001368,37.726575000006854
876.8000000001368,37.36011247764163
876.9000000001369,37.50872820327608
877.0000000001369,35.89389046564543
877.1000000001369,32.48545243360672
877.2000000001369,30.500952496515808
877.300000000137,33.845753213735485
877.400000000137,36.794719841791355
877.500000000137,37.18774850747674
877.600000000137,45.94511731421832
877.700000000137,55.56387695616927
877.8000000001371,47.31463767330141
877.9000000001371,37.96450873207808
878.0000000001371,42.769047837092174
878.1000000001371,46.54085873194819
878.2000000001372,44.78416793048127
878.3000000001372,44.89254889299318
878.4000000001372,45.57044381711817
878.5000000001372,47.53167451570263
878.6000000001372,62.61405072573187
878.7000000001373,79.89829577529841
878.8000000001373,73.80115453347332
878.9000000001373,70.11276235794513
879.0000000001373,88.24508107559961
879.1000000001374,87.2769639442454
879.2000000001374,64.44096617061201
879.3000000001374,56.36632353011039
879.4000000001374,60.30942037343119
879.5000000001374,61.809199224260716
879.6000000001375,57.90291889898752
879.7000000001375,48.598934552638
879.8000000001375,36.269472031025444
879.9000000001375,30.6533531807975
880.0000000001376,34.264042026651396
880.1000000001376,25.699929140937183
880.2000000001376,12.42429011129178
880.3000000001376,27.143364921767432
880.4000000001377,50.060735322987426
880.5000000001377,52.60161168211201
880.6000000001377,40.74208859674964
880.7000000001377,28.531380601446905
880.8000000001377,29.07778051090039
880.9000000001378,29.807367167196848
881.0000000001378,20.66657146067201
881.1000000001378,24.39536741459319
881.2000000001378,39.22740737620748
881.3000000001379,37.164072148947376
881.4000000001379,20.81230785782782
881.5000000001379,7.556755750441178
881.6000000001379,16.80753077195746
881.700000000138,41.28253540494489
881.800000000138,51.10772913517629
881.900000000138,53.37496318116754
882.000000000138,62.2216711072637
882.100000000138,68.6306645178754
882.2000000001381,59.74239281158688
882.3000000001381,29.016937797504813
882.4000000001381,14.700717213621665
882.5000000001381,42.85897543575794
882.6000000001382,63.78809824064241
882.7000000001382,63.37820752757009
882.8000000001382,70.12299892154235
882.9000000001382,75.33402044445785
883.0000000001382,69.01790820390089
883.1000000001383,76.85997278243002
883.2000000001383,101.65622993826959
883.3000000001383,118.40278954159879
883.4000000001383,105.44031520096462
883.5000000001384,69.92946642604943
883.6000000001384,80.02574757908623
883.7000000001384,123.30581360025838
883.8000000001384,119.11092680975695
883.9000000001384,109.4503066311128
884.0000000001385,138.1818310375565
884.1000000001385,140.76648461076326
884.2000000001385,110.84242586628173
884.3000000001385,101.46767480679688
884.4000000001386,101.76244779805776
884.5000000001386,94.95688747582275
884.6000000001386,106.23116235260626
884.7000000001386,128.956887964417
884.8000000001387,130.0558316279521
884.9000000001387,122.85515809963894
885.0000000001387,122.37798782535033
885.1000000001387,111.66534602125017
885.2000000001387,104.31742626858957
885.3000000001388,131.81122733238305
885.4000000001388,155.51678032051214
885.5000000001388,140.92488810833217
885.6000000001388,112.69630583742625
885.7000000001389,100.04525183697852
885.8000000001389,120.23005888246793
885.9000000001389,139.8146475478196
886.0000000001389,133.9901113851174
886.100000000139,125.62693277529432
886.200000000139,119.32305183009464
886.300000000139,104.73427727839645
886.400000000139,90.63291149537831
886.500000000139,86.51422495809203
886.6000000001391,91.63902810620738
886.7000000001391,97.53092494349139
886.8000000001391,94.0876036150499
886.9000000001391,86.38150282939571
887.0000000001392,76.12096847006156
887.1000000001392,54.14231055055015
887.2000000001392,41.469936890667924
887.3000000001392,64.09131960695089
887.4000000001392,77.23107253443817
887.5000000001393,58.0972919763191
887.6000000001393,45.605761836330934
887.7000000001393,42.541569060312305
887.8000000001393,33.003923771973646
887.9000000001394,33.01126244824544
888.0000000001394,46.0270779911122
888.1000000001394,47.52985359682755
888.2000000001394,33.8876390633379
888.3000000001394,16.734614349898386
888.4000000001395,12.428969079443153
888.5000000001395,23.895394818007617
888.6000000001395,35.35537876712923
888.7000000001395,38.46849469637843
888.8000000001396,34.842916836055664
888.9000000001396,41.94416827268402
889.0000000001396,57.176851996724466
889.1000000001396,53.80429396238081
889.2000000001397,42.994691631924056
889.3000000001397,46.334709065047846
889.4000000001397,58.6611338631785
889.5000000001397,68.22414928793475
889.6000000001397,63.97744162135706
889.7000000001398,54.565398557151006
889.8000000001398,55.604210968457714
889.9000000001398,76.86547195413252
890.0000000001398,103.44780090014919
890.1000000001399,104.9778151438823
890.2000000001399,107.24773072369338
890.3000000001399,132.09170953319546
890.4000000001399,140.96297884638642
890.50000000014,120.21759947738879
890.60000000014,90.50400103172583
890.70000000014,93.6073245140753
890.80000000014,137.57676665141665
890.90000000014,151.26701677453582
891.0000000001401,130.84723458759575
891.1000000001401,123.68298740163488
891.2000000001401,118.96249911755528
891.3000000001401,105.99182769084669
891.4000000001402,105.87095880426669
891.5000000001402,110.69301087348396
891.6000000001402,96.49079377642416
891.7000000001402,71.32602455686718
891.8000000001402,53.44014352940905
891.9000000001403,60.56139470439173
892.0000000001403,79.93288223302497
892.1000000001403,86.54894496251273
892.2000000001403,82.23200475098955
892.3000000001404,75.040371541272
892.4000000001404,71.13873995985138
892.5000000001404,60.12555235436395
892.6000000001404,37.483004348927366
892.7000000001404,45.306688129538614
892.8000000001405,78.24546184091403
892.9000000001405,72.97551353292195
893.0000000001405,54.99935649912614
893.1000000001405,64.59425716380898
893.2000000001406,62.15717334274825
893.3000000001406,41.02251721193066
893.4000000001406,37.21012077552412
893.5000000001406,43.30018823459986
893.6000000001407,44.905301104544144
893.7000000001407,54.17186930355503
893.8000000001407,64.54659701708097
893.9000000001407,55.150497900750594
894.0000000001407,39.621336974684354
894.1000000001408,31.774184007560702
894.2000000001408,22.538631351529567
894.3000000001408,18.303895996336564
894.4000000001408,33.52040253583733
894.5000000001409,54.048433613982034
894.6000000001409,61.31804317964123
894.7000000001409,45.90711561509229
894.8000000001409,27.520328627496678
894.900000000141,31.691658870863925
895.000000000141,34.345177057826305
895.100000000141,24.951759581352917
895.200000000141,26.185397957296555
895.300000000141,30.450663494784365
895.4000000001411,24.24549405705637
895.5000000001411,32.80582099900238
895.6000000001411,53.09846600185859
895.7000000001411,46.26560873251052
895.8000000001412,29.16480391209704
895.9000000001412,27.355388367190635
896.0000000001412,19.42685422494829
896.1000000001412,3.9317673904332384
896.2000000001412,3.3816649840653206
896.3000000001413,17.234249378737093
896.4000000001413,29.70730016596017
896.5000000001413,14.99346547281626
896.6000000001413,-6.22811822216863
896.7000000001414,11.478304719481951
896.8000000001414,38.093376694636724
896.9000000001414,45.966599448319386
897.0000000001414,51.85966128272707
897.1000000001414,49.60041785821367
897.2000000001415,26.59525871118919
897.3000000001415,19.7573133180652
897.4000000001415,38.333932788961626
897.5000000001415,38.6774341221926
897.6000000001416,27.13450202950561
897.7000000001416,28.069940558970675
897.8000000001416,26.098018519009184
897.9000000001416,16.14958511795849
898.0000000001417,13.32256369935481
898.1000000001417,21.49838483885203
898.2000000001417,35.92790244252167
898.3000000001417,44.97607887290081
898.4000000001417,49.62094199630048
898.5000000001418,60.11521074989911
898.6000000001418,63.80200629280917
898.7000000001418,55.02237208566939
898.8000000001418,57.6033411247516
898.9000000001419,68.36090690213007
899.0000000001419,67.51074454792793
899.1000000001419,68.36348041976396
899.2000000001419,82.39084857124641
899.300000000142,101.41987779604409
899.400000000142,104.02206082655715
899.500000000142,79.19161401118966
899.600000000142,76.95491444916841
899.700000000142,110.1941946241445
899.8000000001421,130.09581642316945
899.9000000001421,117.00027945452946
900.0000000001421,83.3457917553819
900.1000000001421,81.6591478959726
900.2000000001422,106.87400952266773
900.3000000001422,101.31611357213589
900.4000000001422,90.74829619487674
900.5000000001422,103.19322726975793
900.6000000001422,102.83962762005615
900.7000000001423,82.82696760727514
900.8000000001423,64.93075586433925
900.9000000001423,63.51998558555011
901.0000000001423,73.42847346659487
901.1000000001424,64.8426970806164
901.2000000001424,48.27702787439039
901.3000000001424,49.80774302723415
901.4000000001424,54.45564223246592
901.5000000001424,53.4725584993229
901.6000000001425,56.44252272613559
901.7000000001425,59.65252372424343
901.8000000001425,53.061157224703265
901.9000000001425,30.02325167858579
902.0000000001426,11.234427426796621
902.1000000001426,31.45826456383875
902.2000000001426,48.79393593920543
902.3000000001426,29.98133619225563
902.4000000001427,16.56051113945524
902.5000000001427,24.09220048145325
902.6000000001427,39.67140284443567
902.7000000001427,45.291499472915866
902.8000000001427,36.42415508982251
902.9000000001428,29.961718497312585
903.0000000001428,28.52173582508207
903.1000000001428,27.05552809244774
903.2000000001428,26.726176301546438
903.3000000001429,27.547990667213682
903.4000000001429,27.00576132367888
903.5000000001429,25.285411296123325
903.6000000001429,23.817024551968842
903.700000000143,23.849827477586466
903.800000000143,24.587812523828234
903.900000000143,23.88101106361259
904.000000000143,22.015401339811675
904.100000000143,17.71720553008722
904.2000000001431,7.221478043623699
904.3000000001431,8.914535079758922
904.4000000001431,38.93310004388839
904.5000000001431,47.95243518922291
904.6000000001432,20.89071356160493
904.7000000001432,5.584331689594414
904.8000000001432,16.212951239567563
904.9000000001432,38.040117282827275
905.0000000001432,32.06270683693454
905.1000000001433,1.7463922973464454
905.2000000001433,-9.769316953998992
905.3000000001433,-1.3692544248859098
905.4000000001433,10.785025404446348
905.5000000001434,10.545116364824834
905.6000000001434,12.356065345289592
905.7000000001434,38.12629640979978
905.8000000001434,46.20023277496508
905.9000000001435,26.23307765251132
906.0000000001435,29.906825009331353
906.1000000001435,35.39240400768875
906.2000000001435,9.802866588040906
906.3000000001435,11.927233498002506
906.4000000001436,43.14714516757845
906.5000000001436,38.289295053203354
906.6000000001436,14.105160014948117
906.7000000001436,6.4982317906334375
906.8000000001437,19.31403148533723
906.9000000001437,27.87767588623015
907.0000000001437,4.768956690702857
907.1000000001437,-6.210326079298282
907.2000000001437,14.924083527152973
907.3000000001438,25.830987449893343
907.4000000001438,14.911085412905567
907.5000000001438,-3.7022729875038642
907.6000000001438,-0.811570826877791
907.7000000001439,17.423502014553513
907.8000000001439,11.786282319630548
907.9000000001439,-2.3311013756472034
908.0000000001439,0.5702899721878953
908.100000000144,18.363298898550635
908.200000000144,25.947776744238805
908.300000000144,0.1155562600729465
908.400000000144,-8.397358775900065
908.500000000144,19.270783712100457
908.6000000001441,29.334370239421695
908.7000000001441,17.10600807618197
908.8000000001441,4.929938952122546
908.9000000001441,3.881898017773247
909.0000000001442,9.373948190230756
909.1000000001442,6.969248093754486
909.2000000001442,9.983004988521392
909.3000000001442,24.82884164361831
909.4000000001442,24.159070423641204
909.5000000001443,13.646509607396267
909.6000000001443,17.528953292969938
909.7000000001443,21.85789871510131
909.8000000001443,17.03763171497477
909.9000000001444,13.392561831663912
910.0000000001444,17.71577565038528
910.1000000001444,29.662399010522012
910.2000000001444,36.543083204395366
910.3000000001445,25.528354499239622
910.4000000001445,-6.158829702892755
910.5000000001445,-15.683415782303584
910.6000000001445,12.480083875041709
910.7000000001445,18.331386151245834
910.8000000001446,5.475863459014787
910.9000000001446,12.458988683931517
911.0000000001446,24.370781041755027
911.1000000001446,24.43246159409338
911.2000000001447,11.895274625306271
911.3000000001447,3.4986387436794466
911.4000000001447,12.08213708341136
911.5000000001447,22.601274058629638
911.6000000001447,25.68158863440133
911.7000000001448,20.920965318622834
911.8000000001448,9.377949479353873
911.9000000001448,-3.2504204003920694
912.0000000001448,-5.507008923460807
912.1000000001449,1.2292335705906927
912.2000000001449,8.472033953531893
912.3000000001449,10.857974912794369
912.4000000001449,8.895296753680975
912.500000000145,8.51573710421997
912.600000000145,13.212790037801454
912.700000000145,19.727852020762906
912.800000000145,14.67036966675844
912.900000000145,6.604944497235747
913.0000000001451,13.548672204841179
913.1000000001451,21.324329251069905
913.2000000001451,19.07674380411478
913.3000000001451,12.078189877188102
913.4000000001452,7.315540176319027
913.5000000001452,9.558977278509765
913.6000000001452,16.9676644697488
913.7000000001452,23.396343321526654
913.8000000001452,22.153917629165473
913.9000000001453,18.969206436865708
914.0000000001453,17.60086634451084
914.1000000001453,13.184226874489628
914.2000000001453,15.421551962441182
914.3000000001454,31.513546784360113
914.4000000001454,31.811156600220826
914.5000000001454,11.562097073282915
914.6000000001454,-0.9192017833422392
914.7000000001455,6.221297401438124
914.8000000001455,21.562649674410178
914.9000000001455,5.830458159463905
915.0000000001455,-17.433367140193162
915.1000000001455,-1.6939033338584157
915.2000000001456,3.1823621913407427
915.3000000001456,-13.024997510682622
915.4000000001456,9.30191746866019
915.5000000001456,30.40623631202383
915.6000000001457,6.961210317522644
915.7000000001457,0.851100085702873
915.8000000001457,18.103720509758098
915.9000000001457,15.816571104059191
916.0000000001457,6.171052978408757
916.1000000001458,4.3762958468055615
916.2000000001458,5.962287330871373
916.3000000001458,14.184224443268068
916.4000000001458,26.62579954321334
916.5000000001459,12.59158703977983
916.6000000001459,-15.152534910634158
916.7000000001459,-8.554809118870685
916.8000000001459,14.715599386933205
916.900000000146,23.92101058128016
917.000000000146,8.583011782394593
917.100000000146,-6.498843347893939
917.200000000146,5.9706944554737795
917.300000000146,15.031977334142336
917.4000000001461,10.778797861918552
917.5000000001461,14.798088118843827
917.6000000001461,18.31586210454538
917.7000000001461,10.493094779122236
917.8000000001462,0.7451961148255486
917.9000000001462,-2.3371661656413454
918.0000000001462,5.450481322691719
918.1000000001462,20.169077716128218
918.2000000001462,26.50124973167346
918.3000000001463,5.283824744501449
918.4000000001463,-7.5539924566881
918.5000000001463,10.897807780332448
918.6000000001463,7.152986042821839
918.7000000001464,-12.357533166293585
918.8000000001464,-3.717942951408616
918.9000000001464,10.419911314366226
919.0000000001464,13.184435265618943
919.1000000001465,16.670775134548073
919.2000000001465,18.297795887752685
919.3000000001465,11.489244010263107
919.4000000001465,-0.28600384312874905
919.5000000001465,-0.8756892543299464
919.6000000001466,23.07420734266323
919.7000000001466,32.15374349129279
919.8000000001466,16.332316198874352
919.9000000001466,21.122919394413284
920.0000000001467,27.598473895511525
920.1000000001467,7.705274251429035
920.2000000001467,-2.567427821812431
920.3000000001467,8.712678843027206
920.4000000001467,24.299230383448034
920.5000000001468,31.437929370719775
920.6000000001468,23.878315067764504
920.7000000001468,4.904856940283518
920.8000000001468,-2.5627361039174934
920.9000000001469,14.711239420821121
921.0000000001469,19.168867283592128
921.1000000001469,7.151973290742922
921.2000000001469,7.020615930777607
921.300000000147,13.52908159670059
921.400000000147,15.974677300384212
921.500000000147,12.644128639647114
921.600000000147,8.257922748215185
921.700000000147,8.628527736050023
921.8000000001471,13.707748980937442
921.9000000001471,16.78836581388072
922.0000000001471,8.0060049707464
922.1000000001471,-11.439111041070348
922.2000000001472,-22.436706450415222
922.3000000001472,8.425433785778438
922.4000000001472,33.1870926266967
922.5000000001472,2.7190669728223456
922.6000000001472,-10.517859006663505
922.7000000001473,5.920923565108368
922.8000000001473,2.657598776287235
922.9000000001473,4.394172637529314
923.0000000001473,19.44115528593299
923.1000000001474,0.4223084990152308
923.2000000001474,-16.542826166171693
923.3000000001474,10.863121101953578
923.4000000001474,10.91271941106571
923.5000000001475,-14.014816561970047
923.6000000001475,2.947637588656943
923.7000000001475,15.749473667482587
923.8000000001475,-3.117308766049453
923.9000000001475,-2.7465816003692534
924.0000000001476,9.403383370602107
924.1000000001476,8.82711948181272
924.2000000001476,18.233261144998934
924.3000000001476,30.645624447828062
924.4000000001477,17.073395993977414
924.5000000001477,5.327895016205579
924.6000000001477,12.00752088042164
924.7000000001477,14.015366816537611
924.8000000001477,14.211901578755331
924.9000000001478,19.68682041114315
925.0000000001478,11.232529270181853
925.1000000001478,-3.1957670982058684
925.2000000001478,1.9951892170112198
925.3000000001479,10.39810534982265
925.4000000001479,9.871774309639038
925.5000000001479,10.440683564069934
925.6000000001479,14.451346618816292
925.700000000148,16.844395395746336
925.800000000148,7.308454952744711
925.900000000148,-1.4307643924882447
926.000000000148,12.124751235368889
926.100000000148,26.460491580379816
926.2000000001481,30.515115716295597
926.3000000001481,38.69152398562123
926.4000000001481,41.88570650038464
926.5000000001481,31.15769133926283
926.6000000001482,22.090452378165672
926.7000000001482,21.667542119972193
926.8000000001482,25.82343373706814
926.9000000001482,22.60806584500346
927.0000000001482,13.365099803252793
927.1000000001483,14.260992550455981
927.2000000001483,19.494192902255694
927.3000000001483,20.977069664374902
927.4000000001483,23.589357423710474
927.5000000001484,22.158563083440118
927.6000000001484,11.721545364335203
927.7000000001484,12.891889020088547
927.8000000001484,23.283142981104266
927.9000000001485,16.78598263269629
928.0000000001485,7.040192820821825
928.1000000001485,9.999473542715503
928.2000000001485,19.589580398635334
928.3000000001485,25.770748393807118
928.4000000001486,22.391499078469934
928.5000000001486,17.207284512445657
928.6000000001486,12.116988993949636
928.7000000001486,4.456669620924309
928.8000000001487,8.141016017015973
928.9000000001487,21.545615885430706
929.0000000001487,16.666878849275797
929.1000000001487,10.061314236937456
929.2000000001487,19.649684870107162
929.3000000001488,9.75533316235654
929.4000000001488,-10.295493642798135
929.5000000001488,-2.3126756345917605
929.6000000001488,9.163001487955656
929.7000000001489,4.593300953438793
929.8000000001489,-6.246102197240339
929.9000000001489,-6.684259908687627
930.0000000001489,8.532200292713963
930.100000000149,17.412245585293014
930.200000000149,10.967929975473213
930.300000000149,-2.8803438988371797
930.400000000149,0.9758146465111668
930.500000000149,15.365215330411347
930.6000000001491,4.346174513638578
930.7000000001491,-5.296755617087248
930.8000000001491,7.5819651900404
930.9000000001491,15.665544283981575
931.0000000001492,9.175279340174919
931.1000000001492,-3.875225169973501
931.2000000001492,-3.6873392569593735
931.3000000001492,5.411806041809297
931.4000000001492,1.7985047061205328
931.5000000001493,-5.3195529796982575
931.6000000001493,-6.5797514640787025
931.7000000001493,-4.919781157100439
931.8000000001493,1.3969863600324384
931.9000000001494,10.138343969631203
932.0000000001494,5.844804001878918
932.1000000001494,-3.4950109446003657
932.2000000001494,1.6917882036412721
932.3000000001495,14.19600474037704
932.4000000001495,18.605131602432984
932.5000000001495,2.2062463314123093
932.6000000001495,-17.72747845269012
932.7000000001495,-18.14617723603935
932.8000000001496,10.26659052025692
932.9000000001496,35.612957940336045
933.0000000001496,24.523280479461455
933.1000000001496,5.831466566752015
933.2000000001497,0.46017257628575703
933.3000000001497,8.523998339512907
933.4000000001497,14.404637218077996
933.5000000001497,13.250081135349278
933.6000000001497,19.018843032686
933.7000000001498,28.224392146178637
933.8000000001498,32.86337360712652
933.9000000001498,33.7076442891461
934.0000000001498,26.97508481705498
934.1000000001499,10.519307876518537
934.2000000001499,1.3902774626819707
934.3000000001499,5.725942929597906
934.4000000001499,13.776025968297093
934.50000000015,18.261848120794284
934.60000000015,16.088777794601125
934.70000000015,9.71149037041275
934.80000000015,6.762833504504282
934.90000000015,9.283269908676077
935.0000000001501,0.3652272202714606
935.1000000001501,-9.407589775911116
935.2000000001501,3.1582454888392077
935.3000000001501,11.154004195894661
935.4000000001502,4.341471149616667
935.5000000001502,4.706577323525254
935.6000000001502,6.114118272254732
935.7000000001502,3.356577629914164
935.8000000001502,13.053966242177294
935.9000000001503,23.936238895688135
936.0000000001503,17.943023119864645
936.1000000001503,11.098341653559086
936.2000000001503,17.869538113195315
936.3000000001504,36.910979156052804
936.4000000001504,28.43345342916381
936.5000000001504,-4.521799149415989
936.6000000001504,1.1161246382924759
936.7000000001505,11.441342154786577
936.8000000001505,-6.453268667479884
936.9000000001505,3.363211900072307
937.0000000001505,26.280668308899166
937.1000000001505,20.07618230611386
937.2000000001506,26.145247606583556
937.3000000001506,52.10778273342365
937.4000000001506,60.84848570984546
937.5000000001506,41.71678100191697
937.6000000001507,18.356930413023786
937.7000000001507,40.65240833496895
937.8000000001507,73.77529568620915
937.9000000001507,81.5924991806925
938.0000000001507,110.15827128752233
938.1000000001508,149.25219856672103
938.2000000001508,159.49754910767726
938.3000000001508,161.34391652691306
938.4000000001508,173.07555158654517
938.5000000001509,191.85048936000973
938.6000000001509,184.94836780777845
938.7000000001509,139.92820238462377
938.8000000001509,88.92156293278036
938.900000000151,65.65447025023217
939.000000000151,80.26946464853535
939.100000000151,94.69758489011025
939.200000000151,92.01785348718205
939.300000000151,76.53547392723355
939.4000000001511,57.36838070649876
939.5000000001511,40.77778232974586
939.6000000001511,29.186587858730626
939.7000000001511,25.177360415422996
939.8000000001512,24.653365466689397
939.9000000001512,15.986440410591172
940.0000000001512,7.842133706020779
940.1000000001512,10.472546871097444
940.2000000001512,15.693607070072016
940.3000000001513,14.092295532346318
940.4000000001513,4.198035986597425
940.5000000001513,6.219909387030198
940.6000000001513,12.939712178549765
940.7000000001514,-2.9875310891098716
940.8000000001514,-12.318393354406155
940.9000000001514,3.9504752757539956
941.0000000001514,24.76095330838929
941.1000000001515,27.635348125737774
941.2000000001515,12.825130396062116
941.3000000001515,20.977054031079472
941.4000000001515,38.173843925850555
941.5000000001515,28.15497432597502
941.6000000001516,5.739313657374321
941.7000000001516,-5.502558113159274
941.8000000001516,7.117443525612659
941.9000000001516,12.352304193903038
942.0000000001517,2.1416762361035997
942.1000000001517,7.395742841463743
942.2000000001517,6.369577679916537
942.3000000001517,-15.666392041277582
942.4000000001517,-20.617073410941632
942.5000000001518,-6.199705852230453
942.6000000001518,7.785608846666529
942.7000000001518,10.289997091613692
942.8000000001518,8.606089562705957
942.9000000001519,15.258412525297988
943.0000000001519,8.372953687244236
943.1000000001519,-7.1441864719879105
943.2000000001519,4.691887078413035
943.300000000152,18.209524378589524
943.400000000152,11.755808105943947
943.500000000152,6.34876027001544
943.600000000152,3.931950775393754
943.700000000152,-2.2505989399217263
943.8000000001521,-10.053209175048991
943.9000000001521,-3.1630421358746577
944.0000000001521,27.435766121174577
944.1000000001521,36.67479195668957
944.2000000001522,23.016439957009485
944.3000000001522,28.378860237577896
944.4000000001522,35.101793319344104
944.5000000001522,24.89638034271995
944.6000000001522,7.086325493572915
944.7000000001523,4.982249576574277
944.8000000001523,22.67875394627622
944.9000000001523,22.058646818063423
945.0000000001523,21.40758291535251
945.1000000001524,47.938430194574565
945.2000000001524,53.84683349685924
945.3000000001524,48.66719833641368
945.4000000001524,82.21563343723915
945.5000000001525,130.1374646709715
945.6000000001525,162.55884426161725
945.7000000001525,168.93158480718702
945.8000000001525,162.18276278449108
945.9000000001525,157.01516786982145
946.0000000001526,156.80496219407647
946.1000000001526,151.18174173945962
946.2000000001526,131.39623095869192
946.3000000001526,105.79236500865278
946.4000000001527,82.76603418758017
946.5000000001527,68.36647379440333
946.6000000001527,65.40398895681173
946.7000000001527,63.79180423665925
946.8000000001527,49.23740720396502
946.9000000001528,37.0971862859536
947.0000000001528,31.823886407957335
947.1000000001528,18.630328579872412
947.2000000001528,7.578944070808962
947.3000000001529,8.945439242192942
947.4000000001529,17.11339267934553
947.5000000001529,0.0
947.6000000001529,0.0
947.700000000153,0.0
947.800000000153,0.0
947.900000000153,0.0
948.000000000153,0.0
948.100000000153,0.0
948.2000000001531,0.0
948.3000000001531,0.0
948.4000000001531,0.0
948.5000000001531,0.0
948.6000000001532,0.0
948.7000000001532,0.0
948.8000000001532,0.0
948.9000000001532,0.0
949.0000000001532,0.0
949.1000000001533,0.0
949.2000000001533,0.0
949.3000000001533,0.0
949.4000000001533,0.0
949.5000000001534,0.0
949.6000000001534,0.0
949.7000000001534,0.0
949.8000000001534,0.0
949.9000000001535,0.0
950.0000000001535,0.0
950.1000000001535,0.0
950.2000000001535,0.0
950.3000000001535,0.0
950.4000000001536,0.0
950.5000000001536,0.0
950.6000000001536,0.0
950.7000000001536,0.0
950.8000000001537,0.0
950.9000000001537,0.0
951.0000000001537,0.0
951.1000000001537,0.0
951.2000000001538,0.0
951.3000000001538,0.0
951.4000000001538,0.0
951.5000000001538,0.0
951.6000000001538,0.0
951.7000000001539,0.0
951.8000000001539,0.0
951.9000000001539,0.0
952.0000000001539,0.0
952.100000000154,0.0
952.200000000154,0.0
952.300000000154,0.0
952.400000000154,0.0
952.500000000154,0.0
952.6000000001541,0.0
952.7000000001541,0.0
952.8000000001541,0.0
952.9000000001541,0.0
953.0000000001542,0.0
953.1000000001542,0.0
953.2000000001542,0.0
953.3000000001542,0.0
953.4000000001543,0.0
953.5000000001543,0.0
953.6000000001543,0.0
953.7000000001543,0.0
953.8000000001543,0.0
953.9000000001544,0.0
954.0000000001544,0.0
954.1000000001544,0.0
954.2000000001544,0.0
954.3000000001545,0.0
954.4000000001545,0.0
954.5000000001545,0.0
954.6000000001545,0.0
954.7000000001545,0.0
954.8000000001546,0.0
954.9000000001546,0.0
955.0000000001546,0.0
955.1000000001546,0.0
955.2000000001547,0.0
955.3000000001547,0.0
955.4000000001547,0.0
955.5000000001547,0.0
955.6000000001548,0.0
955.7000000001548,0.0
955.8000000001548,0.0
955.9000000001548,0.0
956.0000000001548,0.0
956.1000000001549,0.0
956.2000000001549,0.0
956.3000000001549,0.0
956.4000000001549,0.0
956.500000000155,0.0
956.600000000155,0.0
956.700000000155,0.0
956.800000000155,0.0
956.900000000155,0.0
957.0000000001551,0.0
957.1000000001551,0.0
957.2000000001551,0.0
957.3000000001551,0.0
957.4000000001552,0.0
957.5000000001552,0.0
957.6000000001552,0.0
957.7000000001552,0.0
957.8000000001553,0.0
957.9000000001553,0.0
958.0000000001553,0.0
958.1000000001553,0.0
958.2000000001553,0.0
958.3000000001554,0.0
958.4000000001554,0.0
958.5000000001554,0.0
958.6000000001554,0.0
958.7000000001555,0.0
958.8000000001555,0.0
958.9000000001555,0.0
959.0000000001555,0.0
959.1000000001555,0.0
959.2000000001556,0.0
959.3000000001556,0.0
959.4000000001556,0.0
959.5000000001556,0.0
959.6000000001557,0.0
959.7000000001557,0.0
959.8000000001557,0.0
959.9000000001557,0.0
960.0000000001558,0.0
960.1000000001558,0.0
960.2000000001558,0.0
960.3000000001558,0.0
960.4000000001558,0.0
960.5000000001559,0.0
960.6000000001559,0.0
960.7000000001559,0.0
960.8000000001559,0.0
960.900000000156,0.0
