wavelength,intensity
180.0,0.0
180.1,0.0
180.2,0.0
180.29999999999998,0.0
180.39999999999998,0.0
180.49999999999997,0.0
180.59999999999997,0.0
180.69999999999996,0.0
180.79999999999995,0.0
180.89999999999995,0.0
180.99999999999994,0.0
181.09999999999994,0.0
181.19999999999993,0.0
181.29999999999993,0.0
181.39999999999992,0.0
181.49999999999991,0.0
181.5999999999999,0.0
181.6999999999999,0.0
181.7999999999999,0.0
181.8999999999999,0.0
181.9999999999999,0.0
182.09999999999988,0.0
182.19999999999987,0.0
182.29999999999987,0.0
182.39999999999986,0.0
182.49999999999986,0.0
182.59999999999985,0.0
182.69999999999985,0.0
182.79999999999984,0.0
182.89999999999984,0.0
182.99999999999983,0.0
183.09999999999982,0.0
183.19999999999982,0.0
183.2999999999998,0.0
183.3999999999998,0.0
183.4999999999998,0.0
183.5999999999998,0.0
183.6999999999998,0.0
183.79999999999978,0.0
183.89999999999978,0.0
183.99999999999977,0.0
184.09999999999977,0.0
184.19999999999976,0.0
184.29999999999976,0.0
184.39999999999975,0.0
184.49999999999974,0.0
184.59999999999974,0.0
184.69999999999973,0.0
184.79999999999973,0.0
184.89999999999972,0.0
184.99999999999972,0.0
185.0999999999997,0.0
185.1999999999997,0.0
185.2999999999997,0.0
185.3999999999997,0.0
185.4999999999997,0.0
185.59999999999968,0.0
185.69999999999968,0.0
185.79999999999967,0.0
185.89999999999966,0.0
185.99999999999966,0.0
186.09999999999965,0.0
186.19999999999965,0.0
186.29999999999964,0.0
186.39999999999964,0.0
186.49999999999963,0.0
186.59999999999962,0.0
186.69999999999962,0.0
186.7999999999996,0.0
186.8999999999996,0.0
186.9999999999996,0.0
187.0999999999996,0.0
187.1999999999996,0.0
187.29999999999959,0.0
187.39999999999958,0.0
187.49999999999957,0.0
187.59999999999957,0.0
187.69999999999956,0.0
187.79999999999956,0.0
187.89999999999955,0.0
187.99999999999955,0.0
188.09999999999954,22.8210188023148
188.19999999999953,52.12665410453789
188.29999999999953,8.111264780421186
188.39999999999952,16.1255081808556
188.49999999999952,20.480725720880702
188.5999999999995,64.72710159334689
188.6999999999995,99.36289308708366
188.7999999999995,62.86860070467768
188.8999999999995,35.47923460090993
188.9999999999995,66.28646320071887
189.09999999999948,92.95527344150996
189.19999999999948,17.634478868046838
189.29999999999947,27.0016159192859
189.39999999999947,15.910867823128859
189.49999999999946,29.706479302598417
189.59999999999945,27.43008178770326
189.69999999999945,43.72593463562344
189.79999999999944,52.318871625533674
189.89999999999944,34.82747468066486
189.99999999999943,34.38361012849956
190.09999999999943,69.21533730585367
190.19999999999942,51.06870351426813
190.29999999999941,28.9709003326993
190.3999999999994,106.65539716316778
190.4999999999994,104.78607954630702
190.5999999999994,35.927526028896
190.6999999999994,46.02535952397936
190.7999999999994,47.78014540594115
190.89999999999938,71.41323375378448
190.99999999999937,49.31825891988904
191.09999999999937,68.93818532358398
191.19999999999936,57.34536712867122
191.29999999999936,47.696635065450465
191.39999999999935,24.14571683480518
191.49999999999935,34.30728312755083
191.59999999999934,58.18271454310606
191.69999999999933,52.66641095318968
191.79999999999933,247.7051037028993
191.89999999999932,1046.0013711980637
191.99999999999932,1135.403585236546
192.0999999999993,664.1141015470545
192.1999999999993,541.9513198676497
192.2999999999993,67.80206869446626
192.3999999999993,115.22611026690372
192.4999999999993,279.72381294977595
192.59999999999928,192.12834433756746
192.69999999999928,56.98529935990211
192.79999999999927,55.85912028605893
192.89999999999927,80.87723092914243
192.99999999999926,251.3884746934777
193.09999999999926,437.16255859730495
193.19999999999925,150.47940046838946
193.29999999999924,96.8424944237266
193.39999999999924,92.80394671218325
193.49999999999923,67.62089669646218
193.59999999999923,63.22687564852493
193.69999999999922,51.50015497391046
193.79999999999922,96.84169993884312
193.8999999999992,84.01512976787399
193.9999999999992,48.70149265501378
194.0999999999992,143.33399725636886
194.1999999999992,325.3980221594522
194.2999999999992,196.8774377895906
194.39999999999918,179.63744197307395
194.49999999999918,201.2047995799978
194.59999999999917,70.62845857032285
194.69999999999916,43.38587139080385
194.79999999999916,11.693788339829258
194.89999999999915,53.650515341357924
194.99999999999915,93.04012327992034
195.09999999999914,274.621532405772
195.19999999999914,339.5410500030776
195.29999999999913,102.22873627431503
195.39999999999912,31.037861510830666
195.49999999999912,59.337073298103256
195.5999999999991,65.80328854877675
195.6999999999991,53.19440673050588
195.7999999999991,71.31693448192837
195.8999999999991,47.20592326999368
195.9999999999991,68.46147957316104
196.09999999999908,68.38153151790983
196.19999999999908,64.96291212437065
196.29999999999907,92.47676717453719
196.39999999999907,44.723988714462735
196.49999999999906,145.478510278787
196.59999999999906,74.50482437127603
196.69999999999905,105.06266546427368
196.79999999999905,116.89765018410475
196.89999999999904,105.80520507487158
196.99999999999903,98.7151888958929
197.09999999999903,103.55023060940361
197.19999999999902,138.7845988713063
197.29999999999902,199.63402422721194
197.399999999999,238.6300481783646
197.499999999999,254.56799455699775
197.599999999999,708.0862982789769
197.699999999999,1888.6611751386167
197.799999999999,2239.952316682644
197.89999999999898,869.2527035767558
197.99999999999898,245.86108780293347
198.09999999999897,202.16819929171538
198.19999999999897,146.06728093037353
198.29999999999896,143.6617795138001
198.39999999999895,141.51708432423968
198.49999999999895,117.35018440870653
198.59999999999894,144.53736359513945
198.69999999999894,132.60227980403448
198.79999999999893,222.27713099962833
198.89999999999893,269.88147767927387
198.99999999999892,528.019913041478
199.09999999999891,2024.0557270369768
199.1999999999989,2204.0352096813895
199.2999999999989,614.5090677687651
199.3999999999989,238.56061041945216
199.4999999999989,134.10023105753402
199.5999999999989,135.90686333850923
199.69999999999888,134.2121105673833
199.79999999999887,150.05313472494802
199.89999999999887,84.73826099927574
199.99999999999886,880.2791519399257
200.09999999999886,2064.4342735636883
200.19999999999885,826.8392481350004
200.29999999999885,124.8825657848101
200.39999999999884,162.04344531517938
200.49999999999883,111.73928934256143
200.59999999999883,140.69618874154304
200.69999999999882,133.93211721557316
200.79999999999882,86.7894076989075
200.8999999999988,119.70263843689544
200.9999999999988,164.53511257208774
201.0999999999988,574.8556541523421
201.1999999999988,2256.9092159043144
201.2999999999988,1783.4419972594824
201.39999999999878,215.3010873489855
201.49999999999878,209.8663853867261
201.59999999999877,133.37105982477206
201.69999999999877,84.2680479641434
201.79999999999876,90.90504262890511
201.89999999999876,100.2122749054261
201.99999999999875,94.36350581858633
202.09999999999874,302.8001881556075
202.19999999999874,289.4409585904973
202.29999999999873,71.3573586820875
202.39999999999873,56.321833014934334
202.49999999999872,107.30701654642978
202.59999999999872,168.6728438648464
202.6999999999987,83.20401126894149
202.7999999999987,50.95412830815979
202.8999999999987,41.11726689280231
202.9999999999987,41.41616840183657
203.0999999999987,39.48516422375884
203.19999999999868,54.77812891879603
203.29999999999868,51.12646197019549
203.39999999999867,55.380180664539765
203.49999999999866,56.058669684955454
203.59999999999866,51.5341468711151
203.69999999999865,52.18914403020462
203.79999999999865,50.63844181035455
203.89999999999864,46.0086553163366
203.99999999999864,69.9256334351332
204.09999999999863,108.50174070620137
204.19999999999862,80.63863938283009
204.29999999999862,35.53419800656049
204.3999999999986,825.9081635052858
204.4999999999986,1222.3624743046255
204.5999999999986,326.45707657355496
204.6999999999986,27.59384149447385
204.7999999999986,66.59891194501871
204.89999999999858,59.11590041018159
204.99999999999858,69.29806925762895
205.09999999999857,52.41799530802344
205.19999999999857,72.15532848400727
205.29999999999856,61.53461810085055
205.39999999999856,47.12626073345676
205.49999999999855,77.89750714206946
205.59999999999854,59.3951009560188
205.69999999999854,89.42447899753628
205.79999999999853,79.40754853692658
205.89999999999853,70.65660390463093
205.99999999999852,64.20699525427374
206.09999999999852,109.44421770058014
206.1999999999985,135.5897739106689
206.2999999999985,87.54552785121024
206.3999999999985,61.97945775026161
206.4999999999985,77.26072670395438
206.5999999999985,114.52652654834318
206.69999999999848,60.82271962375432
206.79999999999848,41.02948079647735
206.89999999999847,35.58156848975286
206.99999999999847,45.78741016679406
207.09999999999846,64.75915564584685
207.19999999999845,86.4434211072169
207.29999999999845,112.5283769923438
207.39999999999844,75.70183212026136
207.49999999999844,77.4642677874552
207.59999999999843,73.25828290469723
207.69999999999843,119.74110402707568
207.79999999999842,83.04670641836047
207.8999999999984,141.84751722055526
207.9999999999984,40.226039411023436
208.0999999999984,1338.666136520693
208.1999999999984,3608.3608727264977
208.2999999999984,1912.795639787717
208.39999999999839,178.42611987353675
208.49999999999838,178.2548654850002
208.59999999999837,84.21010364912713
208.69999999999837,83.75720894015627
208.79999999999836,99.94267751767089
208.89999999999836,62.99905919728165
208.99999999999835,73.31225042360187
209.09999999999835,77.86585608243561
209.19999999999834,78.76593659694328
209.29999999999833,65.59147933909978
209.39999999999833,69.76975642828576
209.49999999999832,82.946596445842
209.59999999999832,67.4324739538931
209.6999999999983,71.39347306710928
209.7999999999983,179.32552462106565
209.8999999999983,133.98640714045527
209.9999999999983,64.4348184181938
210.0999999999983,83.04109119002061
210.19999999999828,69.13498338812073
210.29999999999828,100.84841632321259
210.39999999999827,103.9253549082782
210.49999999999827,121.2410746526992
210.59999999999826,142.64964232921798
210.69999999999825,146.489172660631
210.79999999999825,259.01599348117406
210.89999999999824,163.5193561899468
210.99999999999824,2165.124702314032
211.09999999999823,3667.0132776692176
211.19999999999823,821.3040241975059
211.29999999999822,420.4947283064863
211.39999999999822,549.3149851615846
211.4999999999982,171.3554368392475
211.5999999999982,142.17887535675368
211.6999999999982,112.1043614830191
211.7999999999982,106.96729056547902
211.8999999999982,79.26443792416111
211.99999999999818,112.06963923523584
212.09999999999818,106.78955349917476
212.19999999999817,113.03047768625342
212.29999999999816,189.35178637036202
212.39999999999816,736.3626381171704
212.49999999999815,1763.1899744270113
212.59999999999815,1107.5118617369524
212.69999999999814,384.89736425613495
212.79999999999814,121.90196449882403
212.89999999999813,175.8801698547479
212.99999999999812,149.6478677540187
213.09999999999812,59.51685173363327
213.1999999999981,90.24246044501275
213.2999999999981,110.96516634875532
213.3999999999981,106.09606292102312
213.4999999999981,85.62218103309554
213.5999999999981,153.60757520539286
213.69999999999808,165.63899242367148
213.79999999999808,160.4976747041555
213.89999999999807,140.7928688685096
213.99999999999807,84.36338018247616
214.09999999999806,101.56633408856499
214.19999999999806,96.44499148510161
214.29999999999805,72.48768174530923
214.39999999999804,76.68142236507914
214.49999999999804,131.37837448556544
214.59999999999803,147.60559701421343
214.69999999999803,68.1410230581861
214.79999999999802,68.78051283969457
214.89999999999802,35.026313338371104
214.999999999998,35.167088674505735
215.099999999998,32.39749184959063
215.199999999998,34.925197376026766
215.299999999998,47.25703530734323
215.399999999998,103.88449240347653
215.49999999999798,62.00410563698273
215.59999999999798,68.51879769066679
215.69999999999797,157.09188330836017
215.79999999999797,122.1943641878019
215.89999999999796,59.78117926296503
215.99999999999795,82.37404255276279
216.09999999999795,41.495752061972894
216.19999999999794,83.92961283659297
216.29999999999794,62.96684536319888
216.39999999999793,78.06185017596118
216.49999999999793,47.959144769798776
216.59999999999792,107.71654006482963
216.6999999999979,101.2547237636977
216.7999999999979,22.35654699033826
216.8999999999979,45.00540092019408
216.9999999999979,40.26512137473396
217.0999999999979,31.876042593551666
217.19999999999789,69.64365983762913
217.29999999999788,38.10367683368102
217.39999999999787,56.569807166904866
217.49999999999787,70.41160773169237
217.59999999999786,89.59517570198716
217.69999999999786,58.744042568955884
217.79999999999785,42.198226840130935
217.89999999999785,59.17376934008635
217.99999999999784,28.945732695615888
218.09999999999783,67.48872235884593
218.19999999999783,45.181801767744915
218.29999999999782,35.74439084622372
218.39999999999782,36.21357972651086
218.4999999999978,62.75831564655297
218.5999999999978,86.9367680148874
218.6999999999978,122.93320328263198
218.7999999999978,103.4962036200951
218.8999999999978,236.1867649676698
218.99999999999778,122.38329696866023
219.09999999999778,80.30004449378474
219.19999999999777,102.45443380138745
219.29999999999777,65.65174588198231
219.39999999999776,52.770405740859005
219.49999999999775,59.07064466006863
219.59999999999775,50.07895111964123
219.69999999999774,90.27035689969682
219.79999999999774,59.32418428490111
219.89999999999773,91.62673458153256
219.99999999999773,10.628346664326273
220.09999999999772,1423.1573090208733
220.19999999999771,619.0756280089906
220.2999999999977,118.47579724343692
220.3999999999977,76.30610913095732
220.4999999999977,70.72108619126102
220.5999999999977,85.27822274931674
220.6999999999977,74.32256005585175
220.79999999999768,127.55254918459096
220.89999999999768,64.67574072853473
220.99999999999767,219.50057335102164
221.09999999999766,288.16694972768494
221.19999999999766,154.5750917264768
221.29999999999765,368.7085221288298
221.39999999999765,192.38385572670708
221.49999999999764,204.3992652961865
221.59999999999764,431.4248121238679
221.69999999999763,298.6937718515379
221.79999999999762,141.87007574444215
221.89999999999762,105.46145505386876
221.9999999999976,191.2488481923852
222.0999999999976,158.05292357485453
222.1999999999976,63.97569696926033
222.2999999999976,68.11920502328523
222.3999999999976,72.7950966016758
222.49999999999758,50.20652392101126
222.59999999999758,59.32788132732103
222.69999999999757,20.668051890764488
222.79999999999757,355.0864363078806
222.89999999999756,981.6699412398406
222.99999999999756,531.7227729312023
223.09999999999755,322.1039982008175
223.19999999999754,266.8411144386661
223.29999999999754,87.02687910733293
223.39999999999753,102.67146484885279
223.49999999999753,67.38113887672581
223.59999999999752,48.32937181567915
223.69999999999752,48.955626967804974
223.7999999999975,42.626437994222414
223.8999999999975,63.212291972764525
223.9999999999975,73.76404187329987
224.0999999999975,92.82604307092984
224.1999999999975,486.1799926569574
224.29999999999748,754.707354489921
224.39999999999748,51.66372109523701
224.49999999999747,99.85565211630195
224.59999999999746,810.3845078332581
224.69999999999746,516.0384482064828
224.79999999999745,279.41299687383673
224.89999999999745,348.0216575577873
224.99999999999744,115.73384531221376
225.09999999999744,48.333433167590414
225.19999999999743,46.3124313982899
225.29999999999742,52.23149731349432
225.39999999999742,42.4929569609543
225.4999999999974,55.13941397127333
225.5999999999974,62.227394076889226
225.6999999999974,71.18340890292288
225.7999999999974,56.75463937279596
225.8999999999974,35.402154284320964
225.99999999999739,68.47709001982435
226.09999999999738,65.38656894379501
226.19999999999737,95.91419107519852
226.29999999999737,161.40590288985226
226.39999999999736,135.1800055270937
226.49999999999736,65.69844598675517
226.59999999999735,90.32857669929636
226.69999999999735,46.59918872439752
226.79999999999734,39.32706793099843
226.89999999999733,66.51955167637593
226.99999999999733,63.74773723470446
227.09999999999732,55.65960779380603
227.19999999999732,63.14368370492479
227.2999999999973,35.383017337475344
227.3999999999973,61.882787407073145
227.4999999999973,50.81317817506685
227.5999999999973,45.55046710674628
227.6999999999973,129.42149080684692
227.79999999999728,117.1277031953414
227.89999999999728,141.6849638589336
227.99999999999727,152.93048480026684
228.09999999999727,74.27423390891416
228.19999999999726,38.00273639722487
228.29999999999725,1207.3583988847922
228.39999999999725,360.5067030532865
228.49999999999724,31.492066520001842
228.59999999999724,46.733695623025575
228.69999999999723,36.21784752232005
228.79999999999723,89.09821568464679
228.89999999999722,65.7789770788605
228.99999999999721,36.08453705350003
229.0999999999972,222.8470611410304
229.1999999999972,219.4355149464465
229.2999999999972,69.27586387463776
229.3999999999972,46.74156811953461
229.4999999999972,106.94472263466503
229.59999999999718,52.554870293713954
229.69999999999717,44.98736447249404
229.79999999999717,67.65327609053783
229.89999999999716,37.47151822543095
229.99999999999716,27.27683070931808
230.09999999999715,32.162473258217574
230.19999999999715,74.12369073309198
230.29999999999714,34.51593865907358
230.39999999999714,203.65715063074387
230.49999999999713,357.8570037363719
230.59999999999712,114.91423955325874
230.69999999999712,44.291621888140156
230.7999999999971,56.52492104568887
230.8999999999971,120.3418796295315
230.9999999999971,79.97946959071552
231.0999999999971,54.91551036668512
231.1999999999971,66.37242164689587
231.29999999999708,82.27190930681815
231.39999999999708,104.71019792508291
231.49999999999707,155.2186866151404
231.59999999999707,194.24761084036928
231.69999999999706,194.8483555929983
231.79999999999706,56.25560807477754
231.89999999999705,113.35071576353972
231.99999999999704,263.04685652946716
232.09999999999704,144.20086128890762
232.19999999999703,56.045544596174075
232.29999999999703,16.882283269444244
232.39999999999702,155.38821314508965
232.49999999999702,158.61762783664096
232.599999999997,52.121333013769565
232.699999999997,120.0988573361208
232.799999999997,47.62632072029304
232.899999999997,56.20615895930927
232.999999999997,57.59209286691575
233.09999999999698,302.638463233488
233.19999999999698,235.2861351747916
233.29999999999697,176.86312143592468
233.39999999999696,34.56830079308595
233.49999999999696,79.64995698029841
233.59999999999695,41.82396963065938
233.69999999999695,97.43882064839636
233.79999999999694,123.69005949074366
233.89999999999694,72.47771666944226
233.99999999999693,145.7718439461904
234.09999999999692,62.98179623793162
234.19999999999692,52.03021654409792
234.2999999999969,342.97559033915
234.3999999999969,358.79250640663224
234.4999999999969,110.3684007182413
234.5999999999969,34.10003709777582
234.6999999999969,77.29292922016057
234.79999999999688,277.68823842403367
234.89999999999688,121.72529162345916
234.99999999999687,64.40423831844146
235.09999999999687,-40.628891509255524
235.19999999999686,675.8711491748425
235.29999999999686,433.9820177788747
235.39999999999685,78.89613735526459
235.49999999999685,81.93745909951971
235.59999999999684,50.118019002200185
235.69999999999683,72.77106203107346
235.79999999999683,114.35212401397413
235.89999999999682,187.75308907986923
235.99999999999682,191.38926054440654
236.0999999999968,80.50962786731114
236.1999999999968,82.3791488296071
236.2999999999968,-17.012351830472646
236.3999999999968,400.12046436478516
236.4999999999968,346.39724867605173
236.59999999999678,91.58880220118704
236.69999999999678,109.83064617694166
236.79999999999677,146.02559598663785
236.89999999999677,123.58205667847723
236.99999999999676,90.54820845903247
237.09999999999675,113.02954397738621
237.19999999999675,191.38001880939078
237.29999999999674,240.3793527927577
237.39999999999674,261.99059679564857
237.49999999999673,149.6420261151719
237.59999999999673,234.76417256724648
237.69999999999672,124.79914515668169
237.79999999999671,76.25436906210783
237.8999999999967,80.83701770218539
237.9999999999967,103.18462928470929
238.0999999999967,262.0498777081778
238.1999999999967,883.8959843478206
238.2999999999967,172.83362716952772
238.39999999999668,90.91884292978519
238.49999999999667,53.875738338333804
238.59999999999667,35.858666256684586
238.69999999999666,235.43833019694506
238.79999999999666,459.6114606229678
238.89999999999665,162.85793617722834
238.99999999999665,39.17006845605924
239.09999999999664,42.77510298354646
239.19999999999663,36.218261488748816
239.29999999999663,50.877576916286685
239.39999999999662,6.322990890071495
239.49999999999662,626.7903092529208
239.5999999999966,430.1041922438931
239.6999999999966,66.16509247565999
239.7999999999966,66.34015971753529
239.8999999999966,268.7390935995503
239.9999999999966,128.36142009010175
240.09999999999658,30.094476890343856
240.19999999999658,65.44045162854081
240.29999999999657,-17.425209672690414
240.39999999999657,357.84391374968067
240.49999999999656,407.87007384251075
240.59999999999656,243.9353589822203
240.69999999999655,146.9377954970908
240.79999999999654,28.042848294971567
240.89999999999654,66.18997512287021
240.99999999999653,280.86952853489794
241.09999999999653,366.9819329042268
241.19999999999652,197.20357334984462
241.29999999999652,552.745176271206
241.3999999999965,174.04794905830485
241.4999999999965,35.79160204061978
241.5999999999965,69.60935439289696
241.6999999999965,89.98104992067455
241.7999999999965,95.13940382489749
241.89999999999648,88.2361292168344
241.99999999999648,59.89351306549054
242.09999999999647,64.13355592615373
242.19999999999646,96.4052469481232
242.29999999999646,125.39869752198442
242.39999999999645,193.39152361640555
242.49999999999645,223.0810856390024
242.59999999999644,-75.99672969418862
242.69999999999644,4157.697005892853
242.79999999999643,7443.7106643061015
242.89999999999642,1632.0599357028964
242.99999999999642,311.0151724737523
243.0999999999964,224.13647480278854
243.1999999999964,141.1477415782566
243.2999999999964,145.85149071959685
243.3999999999964,130.09894894345214
243.4999999999964,254.01166710814022
243.59999999999638,73.18402029137762
243.69999999999638,312.58633551432706
243.79999999999637,514.3417357296603
243.89999999999637,70.211049725268
243.99999999999636,115.93243202191576
244.09999999999636,55.341603390368256
244.19999999999635,73.08688298832848
244.29999999999634,58.29130425960108
244.39999999999634,86.73912741479856
244.49999999999633,117.70400695650592
244.59999999999633,97.83906989353414
244.69999999999632,80.41388552223849
244.79999999999632,148.7719419999977
244.8999999999963,38.10045070523003
244.9999999999963,70.07466235501605
245.0999999999963,48.668675562213565
245.1999999999963,50.320451733861844
245.2999999999963,45.443526651562685
245.39999999999628,61.04855766796009
245.49999999999628,46.531097893421524
245.59999999999627,25.3996144059894
245.69999999999627,56.8352414250016
245.79999999999626,87.89799056585342
245.89999999999625,75.8960619954305
245.99999999999625,61.4104456576094
246.09999999999624,100.86132488537879
246.19999999999624,96.84521317270443
246.29999999999623,60.01581389053776
246.39999999999623,72.31847055412025
246.49999999999622,60.63584272844293
246.59999999999621,55.48804198898454
246.6999999999962,52.78673449379209
246.7999999999962,38.20557462104506
246.8999999999962,75.24900707166192
246.9999999999962,63.38114999269865
247.0999999999962,64.08601806245973
247.19999999999618,69.98854086343742
247.29999999999617,77.15277916547075
247.39999999999617,109.533976255982
247.49999999999616,53.49888156431918
247.59999999999616,47.26930158388384
247.69999999999615,52.004035944003476
247.79999999999615,182.25372168695617
247.89999999999614,155.21221190870338
247.99999999999613,88.8462869453799
248.09999999999613,62.25481027341719
248.19999999999612,75.61850938930648
248.29999999999612,191.02872834947195
248.3999999999961,109.81409811760308
248.4999999999961,86.75222076351719
248.5999999999961,77.1002287825893
248.6999999999961,81.52011629797472
248.7999999999961,150.02737268861995
248.89999999999608,118.85393972675548
248.99999999999608,179.43472692095634
249.09999999999607,194.81795707195548
249.19999999999607,72.0736911847443
249.29999999999606,306.81440854764304
249.39999999999606,113.69825271072
249.49999999999605,70.62549106902185
249.59999999999604,78.36530396496786
249.69999999999604,56.74406872497663
249.79999999999603,104.0003229751197
249.89999999999603,151.63557679202478
249.99999999999602,45.056914142503736
250.09999999999602,66.65573679223247
250.199999999996,91.94635838203934
250.299999999996,275.6129372877305
250.399999999996,121.54237251802283
250.499999999996,54.10632947826575
250.599999999996,287.3610000985744
250.69999999999598,690.4886743653011
250.79999999999598,46.182897231183304
250.89999999999597,85.51794991541759
250.99999999999596,160.9005303169843
251.09999999999596,206.19930735048803
251.19999999999595,104.90047512336477
251.29999999999595,71.41784734393062
251.39999999999594,519.9204700212586
251.49999999999594,438.20628319067816
251.59999999999593,1690.7496709382672
251.69999999999592,322.478290115089
251.79999999999592,100.36900468925946
251.8999999999959,546.1512289355051
251.9999999999959,122.65024180585621
252.0999999999959,76.48656143002017
252.1999999999959,98.261652065953
252.2999999999959,294.0483860055962
252.39999999999588,498.9536441945414
252.49999999999588,281.93508417182994
252.59999999999587,147.1512744789313
252.69999999999587,55.66847558742719
252.79999999999586,643.5865236154904
252.89999999999586,407.8547791586114
252.99999999999585,125.63982270364737
253.09999999999584,81.82953916859574
253.19999999999584,79.14338876087363
253.29999999999583,128.49454741776634
253.39999999999583,174.0067049716193
253.49999999999582,77.82399637279276
253.59999999999582,291.073798117625
253.6999999999958,185.00888246680182
253.7999999999958,181.21071531700667
253.8999999999958,196.3443644674136
253.9999999999958,67.76384118902385
254.0999999999958,98.98494637894045
254.19999999999578,86.04367242772906
254.29999999999578,98.64347509194725
254.39999999999577,192.8462468556316
254.49999999999577,105.63235808278951
254.59999999999576,77.60134619994919
254.69999999999575,41.71858263652508
254.79999999999575,46.5709781545094
254.89999999999574,116.83572265927693
254.99999999999574,110.5735221898485
255.09999999999573,58.873611793289875
255.19999999999573,20.110349974638204
255.29999999999572,45.51495348635626
255.3999999999957,26.601317524369367
255.4999999999957,59.00159784985261
255.5999999999957,32.80815450363642
255.6999999999957,31.476779427342258
255.7999999999957,36.032237238270376
255.89999999999569,40.503587433179895
255.99999999999568,62.36580218411626
256.0999999999957,17.893768436950836
256.1999999999957,226.58209091593002
256.29999999999575,191.08217292632852
256.39999999999577,62.6798973857512
256.4999999999958,63.229910654379694
256.5999999999958,66.75529438197381
256.69999999999584,103.44357327028784
256.79999999999586,66.96753991242896
256.8999999999959,90.6072697702763
256.9999999999959,54.12044918468888
257.09999999999593,21.761671694759723
257.19999999999595,57.504347570105864
257.299999999996,41.312438551973926
257.399999999996,75.34779883940266
257.499999999996,136.90590946528084
257.59999999999604,133.9361038081256
257.69999999999607,87.21848631849569
257.7999999999961,93.53110525844173
257.8999999999961,55.62832411816576
257.99999999999613,75.70024218659232
258.09999999999616,57.1225481863273
258.1999999999962,109.11474038878455
258.2999999999962,38.243349042742345
258.3999999999962,54.223836560515174
258.49999999999625,161.30459212925552
258.59999999999627,341.89485689585047
258.6999999999963,7.234970149602354
258.7999999999963,66.6135878432374
258.89999999999634,92.62347612322083
258.99999999999636,241.81397036232798
259.0999999999964,159.9168353307564
259.1999999999964,76.72389254413072
259.29999999999643,108.69403407643772
259.39999999999645,55.8525849743862
259.4999999999965,46.3142622843988
259.5999999999965,50.99077863480795
259.6999999999965,78.05448007558273
259.79999999999654,401.3771762278426
259.89999999999657,942.6270590033077
259.9999999999966,479.40040279485004
260.0999999999966,4.745466812156579
260.19999999999663,55.67102836144125
260.29999999999666,51.93184388389666
260.3999999999967,36.75613379659467
260.4999999999967,70.06152874836032
260.5999999999967,119.45013655098411
260.69999999999675,364.8489634917836
260.79999999999677,57.01107024348078
260.8999999999968,69.48046253899928
260.9999999999968,-6.120484460340158
261.09999999999684,266.3944594119847
261.19999999999686,316.05738155942186
261.2999999999969,164.36228180899596
261.3999999999969,147.32334336448656
261.49999999999693,53.161538720115246
261.59999999999695,44.473112022894725
261.699999999997,139.79997140140125
261.799999999997,131.40628770019666
261.899999999997,50.22837378257169
261.99999999999704,52.730237590215296
262.09999999999707,57.894478843072875
262.1999999999971,67.58010771874164
262.2999999999971,43.97097939459604
262.39999999999714,50.26552113197054
262.49999999999716,155.18887289632653
262.5999999999972,163.9757526359519
262.6999999999972,59.22762069060286
262.7999999999972,185.9707631217059
262.89999999999725,84.32954942854755
262.99999999999727,157.5130742282819
263.0999999999973,459.05100905520817
263.1999999999973,211.52994352808383
263.29999999999734,53.091721072966585
263.39999999999736,34.05074959778731
263.4999999999974,51.47748876375873
263.5999999999974,54.907477222614915
263.69999999999743,37.00846364207728
263.79999999999745,38.62079177758982
263.8999999999975,53.84840806878291
263.9999999999975,-1.5565908901597254
264.0999999999975,565.1218431851853
264.19999999999754,268.38388945230565
264.29999999999757,57.64106163071318
264.3999999999976,37.16048407625782
264.4999999999976,50.97439090579804
264.59999999999764,41.38298666583095
264.69999999999766,43.785663869366466
264.7999999999977,24.292002490268374
264.8999999999977,45.25375263473682
264.9999999999977,36.11216172144405
265.09999999999775,34.254082013211104
265.1999999999978,46.84861441868485
265.2999999999978,51.5800191898151
265.3999999999978,43.821671684305535
265.49999999999784,23.878679363604707
265.59999999999786,31.3562058999981
265.6999999999979,14.231182077089038
265.7999999999979,49.63846337475695
265.89999999999793,17.041460082540446
265.99999999999795,69.99300167264528
266.099999999998,53.42331929694674
266.199999999998,36.395602014076275
266.299999999998,12.018071402069184
266.39999999999804,76.8424230886259
266.49999999999807,44.89791906028671
266.5999999999981,37.836961052670894
266.6999999999981,68.10222287043975
266.79999999999814,43.938604747924906
266.89999999999816,32.25234723872322
266.9999999999982,55.42369771808398
267.0999999999982,67.97809674906706
267.1999999999982,77.84066505990641
267.29999999999825,108.29082048059604
267.3999999999983,94.00024007564413
267.4999999999983,2252.797574811085
267.5999999999983,6293.1430830217305
267.69999999999834,564.8175850211137
267.79999999999836,208.82400461644974
267.8999999999984,69.12446183206053
267.9999999999984,72.88363640237623
268.09999999999843,69.26138815531613
268.19999999999845,42.929936827738025
268.2999999999985,40.41643402618362
268.3999999999985,46.42319525748996
268.4999999999985,63.27197571715309
268.59999999999854,40.14172232538773
268.69999999999857,49.19132198050943
268.7999999999986,318.8788463299221
268.8999999999986,248.61204108037364
268.99999999999864,25.76912901949315
269.09999999999866,38.92096038088927
269.1999999999987,59.673910542071184
269.2999999999987,40.564803174341
269.3999999999987,70.94473974957228
269.49999999999875,71.46656500061697
269.5999999999988,40.04404135166066
269.6999999999988,31.884685871182267
269.7999999999988,47.334838952808106
269.89999999999884,13.173701393492847
269.99999999999886,160.00576154388523
270.0999999999989,255.3256691716777
270.1999999999989,55.352476395444725
270.29999999999893,39.603040041907065
270.39999999999895,32.43287305020405
270.499999999999,24.538958825704107
270.599999999999,47.55403753398431
270.699999999999,29.816760798602267
270.79999999999905,41.963382199396655
270.89999999999907,41.546216151185035
270.9999999999991,54.94204301416611
271.0999999999991,53.943918194020334
271.19999999999914,81.1501654081483
271.29999999999916,55.92509153642793
271.3999999999992,94.2206390088069
271.4999999999992,64.85205638736241
271.5999999999992,65.93223437700225
271.69999999999925,69.80525698028934
271.7999999999993,44.472036867007965
271.8999999999993,111.14156350493487
271.9999999999993,78.98537450482029
272.09999999999934,62.91225218296248
272.19999999999936,25.940516623329778
272.2999999999994,49.19376558558791
272.3999999999994,36.67380600870537
272.49999999999943,23.059169267952093
272.59999999999945,24.646940472608616
272.6999999999995,94.70129846022522
272.7999999999995,50.20815280709361
272.8999999999995,36.48938215153424
272.99999999999955,45.04670533088632
273.09999999999957,52.954699310380654
273.1999999999996,21.764121975535488
273.2999999999996,35.20441506892369
273.39999999999964,59.02789614718804
273.49999999999966,28.647956162920536
273.5999999999997,49.50231645652182
273.6999999999997,87.09732569676878
273.7999999999997,20.202539599244908
273.89999999999975,301.8217581710184
273.9999999999998,213.30790511944159
274.0999999999998,30.331284282103116
274.1999999999998,89.25787485530839
274.29999999999984,138.6061082993707
274.39999999999986,75.66414476565824
274.4999999999999,-7.247188236540794
274.5999999999999,344.6857676784821
274.69999999999993,385.8182465853839
274.79999999999995,2046.4240442291434
274.9,804.4786838493593
275.0,221.90714183521956
275.1,81.55218806976595
275.20000000000005,73.48044952409263
275.30000000000007,79.20086241898858
275.4000000000001,46.551564169075974
275.5000000000001,295.6048114322578
275.60000000000014,352.5975117422598
275.70000000000016,45.68033572160438
275.8000000000002,57.2838347526338
275.9000000000002,48.777081897405736
276.0000000000002,56.72358970757122
276.10000000000025,53.854070569283415
276.2000000000003,28.185868202397938
276.3000000000003,34.67897265003783
276.4000000000003,53.24679265444125
276.50000000000034,45.59864230580243
276.60000000000036,15.532376864510542
276.7000000000004,81.86774938052756
276.8000000000004,76.13934417489541
276.90000000000043,31.04132732312729
277.00000000000045,47.484147032360795
277.1000000000005,34.55778448179408
277.2000000000005,10.834848503521242
277.3000000000005,3.745780039511204
277.40000000000055,23.718026096909906
277.50000000000057,35.461695349427025
277.6000000000006,32.13744744704299
277.7000000000006,10.397777406645364
277.80000000000064,35.10673163353998
277.90000000000066,48.77369077193117
278.0000000000007,95.29956467787719
278.1000000000007,50.0799166721064
278.2000000000007,20.141722975895206
278.30000000000075,52.52084661413309
278.4000000000008,39.489073767590284
278.5000000000008,30.89316047286091
278.6000000000008,44.97432693015327
278.70000000000084,49.75667815946801
278.80000000000086,27.35117634519446
278.9000000000009,37.82598279739849
279.0000000000009,37.520379158119546
279.10000000000093,47.4429567371039
279.20000000000095,54.31217161278633
279.300000000001,75.74863664532376
279.400000000001,-17.47323458814111
279.500000000001,1465.8962956422984
279.60000000000105,838.849971290631
279.70000000000107,115.4030743005323
279.8000000000011,107.67086923885697
279.9000000000011,86.61952451784953
280.00000000000114,47.976397964142286
280.10000000000116,62.5932257489532
280.2000000000012,877.927601034881
280.3000000000012,824.6308423363255
280.4000000000012,88.39949931156296
280.50000000000125,45.404270639144606
280.6000000000013,53.32008741974613
280.7000000000013,61.970329012690925
280.8000000000013,27.828048747855064
280.90000000000134,30.147144494337372
281.00000000000136,29.615447295180363
281.1000000000014,39.21507388877431
281.2000000000014,39.821157787362836
281.30000000000143,36.57600255122965
281.40000000000146,10.741429940367354
281.5000000000015,29.00815708726163
281.6000000000015,69.06895401694223
281.7000000000015,50.068965951580395
281.80000000000155,40.610869354687736
281.90000000000157,81.81678497487658
282.0000000000016,147.75832537950512
282.1000000000016,81.84771905551204
282.20000000000164,63.923392982716464
282.30000000000166,94.89937603225479
282.4000000000017,62.588079687853714
282.5000000000017,169.3355804178264
282.6000000000017,163.37190273376606
282.70000000000175,31.550289766442724
282.8000000000018,19.522558581328198
282.9000000000018,31.910583995041765
283.0000000000018,72.0124409610317
283.10000000000184,45.66732395476431
283.20000000000186,42.48867071763775
283.3000000000019,94.65328837349516
283.4000000000019,50.89660646445126
283.50000000000193,39.408499142825605
283.60000000000196,18.79153835064663
283.700000000002,47.518545064152505
283.800000000002,108.89003704945148
283.900000000002,53.83319150472436
284.00000000000205,55.8520654626067
284.10000000000207,53.25165781746748
284.2000000000021,28.516604904880552
284.3000000000021,33.15596220682093
284.40000000000214,38.668322100139875
284.50000000000216,20.832686857028495
284.6000000000022,30.462560021191628
284.7000000000022,32.327221153070546
284.8000000000022,26.733762467034964
284.90000000000225,24.246075960332032
285.0000000000023,20.20802087132841
285.1000000000023,75.60577854502657
285.2000000000023,167.36965777505162
285.30000000000234,101.55249588187226
285.40000000000236,14.360109909713422
285.5000000000024,31.11542325321279
285.6000000000024,36.89366494069743
285.70000000000243,30.484189978933884
285.80000000000246,17.48111816982862
285.9000000000025,29.022488432566924
286.0000000000025,16.7080519561989
286.1000000000025,32.717476122640235
286.20000000000255,32.34525774082311
286.30000000000257,38.06524703697477
286.4000000000026,7.013325818713296
286.5000000000026,28.965076357783413
286.60000000000264,-0.8959680692768512
286.70000000000266,1.8865829268911805
286.8000000000027,47.14342302745578
286.9000000000027,25.691198674755594
287.00000000000273,15.146266777310107
287.10000000000275,21.02055105642637
287.2000000000028,49.162281118785145
287.3000000000028,49.42130882926285
287.4000000000028,11.538534089732682
287.50000000000284,37.15027897003432
287.60000000000286,6.45630576909694
287.7000000000029,51.82824955525408
287.8000000000029,44.544547791251816
287.90000000000293,46.94883971422211
288.00000000000296,56.340907930992984
288.100000000003,704.4228716904929
288.200000000003,734.3288154033328
288.300000000003,226.09531328813716
288.40000000000305,132.17952187015075
288.50000000000307,95.26997897763154
288.6000000000031,54.08915237042007
288.7000000000031,45.85291186406139
288.80000000000314,44.54903431183171
288.90000000000316,64.28943284582157
289.0000000000032,28.115747312468088
289.1000000000032,166.67710770849183
289.20000000000323,232.5199977175121
289.30000000000325,88.79590299406779
289.4000000000033,28.55870247088597
289.5000000000033,50.17367875455458
289.6000000000033,8.404774269759315
289.70000000000334,51.40414336657243
289.80000000000337,16.806256591431328
289.9000000000034,64.12706155931154
290.0000000000034,31.982397126510907
290.10000000000343,64.12688854913593
290.20000000000346,-1.388575148039111
290.3000000000035,47.12889102129671
290.4000000000035,25.424881599636436
290.5000000000035,273.0807780834258
290.60000000000355,406.2867462078239
290.70000000000357,242.2039492401059
290.8000000000036,69.19170569311987
290.9000000000036,36.60548633081742
291.00000000000364,37.20722161008205
291.10000000000366,62.11393527605366
291.2000000000037,9.488495973400646
291.3000000000037,504.80137317543654
291.40000000000373,339.3067794299756
291.50000000000375,58.70165733929675
291.6000000000038,37.84257926146773
291.7000000000038,56.680686290719976
291.8000000000038,11.63501829334615
291.90000000000384,35.37853259432207
292.00000000000387,17.62324385352873
292.1000000000039,7.7096668643984785
292.2000000000039,28.593543852282053
292.30000000000393,7.509081993955071
292.40000000000396,31.43649291806734
292.500000000004,31.842296081566907
292.600000000004,33.51717840231165
292.700000000004,56.32749563861195
292.80000000000405,49.129915726054996
292.90000000000407,41.887130868344656
293.0000000000041,29.099646862410683
293.1000000000041,175.41474814148415
293.20000000000414,474.00170754343003
293.30000000000416,203.46860780028172
293.4000000000042,58.30396656244505
293.5000000000042,46.35651793152559
293.60000000000423,60.17573018587437
293.70000000000425,45.57136936708544
293.8000000000043,12.43821447958598
293.9000000000043,34.069641792423575
294.0000000000043,16.223204277698983
294.10000000000434,28.319407047138323
294.20000000000437,42.357029190148076
294.3000000000044,19.131836540198677
294.4000000000044,29.278702513220264
294.50000000000443,34.39651116537851
294.60000000000446,21.81825481133913
294.7000000000045,25.48649900998518
294.8000000000045,66.209183321761
294.9000000000045,29.1874686253033
295.00000000000455,44.01396153694193
295.10000000000457,44.99336719810647
295.2000000000046,31.573782722915624
295.3000000000046,39.2818838238178
295.40000000000464,85.7170694416566
295.50000000000466,60.00993793494907
295.6000000000047,41.37384082701577
295.7000000000047,39.26746073256785
295.80000000000473,22.085419694219055
295.90000000000475,24.96420282374061
296.0000000000048,46.58908400132782
296.1000000000048,58.653870773227695
296.2000000000048,40.04881591048634
296.30000000000484,65.4056749149509
296.40000000000487,64.13277849064708
296.5000000000049,63.63019966191504
296.6000000000049,56.15243456520093
296.70000000000493,79.51601114693305
296.80000000000496,53.050823072583434
296.900000000005,57.049364652308874
297.000000000005,76.85860542885052
297.100000000005,82.67890710941484
297.20000000000505,99.90617405925548
297.30000000000507,130.5595254454948
297.4000000000051,91.69894401912264
297.5000000000051,68.79767140145047
297.60000000000514,43.26570124054593
297.70000000000516,32.174033506531856
297.8000000000052,24.209965143719888
297.9000000000052,17.029663141029523
298.00000000000523,33.49158369735652
298.10000000000525,14.300570432267488
298.2000000000053,30.311044371463932
298.3000000000053,52.50230663220856
298.4000000000053,47.65939500663025
298.50000000000534,39.79814985556931
298.60000000000537,17.3154529062569
298.7000000000054,44.79119331743805
298.8000000000054,29.74654519680044
298.90000000000543,45.212694587965885
299.00000000000546,189.26870523273388
299.1000000000055,67.65857891661283
299.2000000000055,8.510350252125864
299.3000000000055,15.362514171296993
299.40000000000555,88.97591244930672
299.50000000000557,125.56524415394085
299.6000000000056,51.022621845990145
299.7000000000056,35.84775792096977
299.80000000000564,26.902228599025918
299.90000000000566,44.31365446222217
300.0000000000057,17.696966061241046
300.1000000000057,42.44035070013548
300.20000000000573,34.37144924310775
300.30000000000575,59.31960735870189
300.4000000000058,24.798504715293024
300.5000000000058,52.86527156760673
300.6000000000058,25.123687009503183
300.70000000000584,39.35288592168045
300.80000000000587,59.35664800031295
300.9000000000059,35.52205304731717
301.0000000000059,22.856419648841474
301.10000000000593,27.58022309849386
301.20000000000596,43.5214669649887
301.300000000006,35.84241128143181
301.400000000006,102.18028746366856
301.500000000006,141.82922369693443
301.60000000000605,24.380317509869876
301.70000000000607,50.28708149257062
301.8000000000061,50.11124324008663
301.9000000000061,35.66243064931412
302.00000000000614,81.78040388337308
302.10000000000616,71.68711552250525
302.2000000000062,41.133912413006456
302.3000000000062,55.7548174787081
302.40000000000623,83.5595718442238
302.50000000000625,78.97503458847842
302.6000000000063,52.6411322579206
302.7000000000063,37.33451256503067
302.8000000000063,79.40898910754731
302.90000000000634,541.0551607035212
303.00000000000637,194.66156744581272
303.1000000000064,62.609988522755884
303.2000000000064,198.14023537098294
303.30000000000643,267.6216725503186
303.40000000000646,148.4598435853631
303.5000000000065,80.27189271782827
303.6000000000065,41.84905321412442
303.7000000000065,40.00470501342243
303.80000000000655,58.642609904048946
303.90000000000657,28.21148872725997
304.0000000000066,25.22036972894439
304.1000000000066,33.06242114772988
304.20000000000664,5.9146637548123415
304.30000000000666,31.726590619127293
304.4000000000067,13.906266548116827
304.5000000000067,38.5741826704129
304.60000000000673,29.90827930761076
304.70000000000675,22.11092267928153
304.8000000000068,17.690761918531145
304.9000000000068,8.176206856298242
305.0000000000068,24.39853944784988
305.10000000000684,21.988773770335136
305.20000000000687,10.164893226564047
305.3000000000069,9.731326085415246
305.4000000000069,15.414086721286111
305.50000000000693,15.43922438756288
305.60000000000696,32.42805230396398
305.700000000007,38.25448721069324
305.800000000007,35.62408814221687
305.900000000007,54.08522389707902
306.00000000000705,49.242065227330194
306.10000000000707,10.418411989263197
306.2000000000071,32.62687143220882
306.3000000000071,16.252267974421272
306.40000000000714,48.41200737757469
306.50000000000716,28.599790931928627
306.6000000000072,81.37432002405437
306.7000000000072,88.51558925786536
306.80000000000723,38.1596764060128
306.90000000000725,23.272857777869717
307.0000000000073,3.216528362872266
307.1000000000073,56.67782618007314
307.2000000000073,52.50942552426858
307.30000000000734,62.52775174457922
307.40000000000737,44.79458945402019
307.5000000000074,75.39237039555026
307.6000000000074,43.53166611934114
307.70000000000744,21.62122838738712
307.80000000000746,109.67105014414369
307.9000000000075,68.1943870174259
308.0000000000075,56.49131878339749
308.1000000000075,114.77881250145758
308.20000000000755,298.83269061611634
308.30000000000757,151.1961122168131
308.4000000000076,53.05767968866079
308.5000000000076,44.862167402380685
308.60000000000764,20.680726053536706
308.70000000000766,66.08132889074305
308.8000000000077,190.16084160259652
308.9000000000077,62.543875197418124
309.00000000000773,37.8479410114196
309.10000000000775,12.974474465477908
309.2000000000078,331.0432854049366
309.3000000000078,451.36210494478865
309.4000000000078,116.7963525927518
309.50000000000784,54.11826547059397
309.60000000000787,64.58426921262217
309.7000000000079,54.59627449140182
309.8000000000079,49.56899052597635
309.90000000000794,23.510546367591413
310.00000000000796,32.0663972583832
310.100000000008,46.5347517195886
310.200000000008,49.168172395108286
310.300000000008,65.65921349644186
310.40000000000805,44.058629359482694
310.5000000000081,28.795216186328403
310.6000000000081,69.84039677554264
310.7000000000081,25.543467815531706
310.80000000000814,26.73901935625866
310.90000000000816,41.618422546861176
311.0000000000082,19.87916830184533
311.1000000000082,23.529522047784724
311.20000000000823,15.955986081067534
311.30000000000825,21.82256662393513
311.4000000000083,13.168751518826422
311.5000000000083,17.895949486341074
311.6000000000083,98.32677315628428
311.70000000000834,95.53250417348625
311.80000000000837,79.3787594243822
311.9000000000084,54.725300501408874
312.0000000000084,77.01059287374682
312.10000000000844,-31.821479499819162
312.20000000000846,1232.0116909334874
312.3000000000085,1848.494287626134
312.4000000000085,209.20243965186037
312.5000000000085,132.92786764590758
312.60000000000855,66.44914312400272
312.7000000000086,82.1293013446755
312.8000000000086,61.79139231087262
312.9000000000086,12.628970973423092
313.00000000000864,60.3033473588734
313.10000000000866,55.801023198025376
313.2000000000087,24.283120344737995
313.3000000000087,23.294434253912254
313.40000000000873,37.18674274072246
313.50000000000875,14.901265162214521
313.6000000000088,16.824843408364444
313.7000000000088,16.257475085227917
313.8000000000088,35.52448172667754
313.90000000000884,24.31475449985224
314.00000000000887,24.67230735766387
314.1000000000089,17.892265532021263
314.2000000000089,37.780612537976076
314.30000000000894,23.432369852734375
314.40000000000896,21.16821106655389
314.500000000009,35.11764621322167
314.600000000009,-11.828956406235529
314.700000000009,-0.473975172189388
314.80000000000905,25.5422272357389
314.9000000000091,3.136108644013147
315.0000000000091,14.49862178699368
315.1000000000091,19.075022769971852
315.20000000000914,5.953013263938299
315.30000000000916,62.461320632971976
315.4000000000092,5.229804565448558
315.5000000000092,28.430843353307434
315.60000000000923,27.692845822467078
315.70000000000925,10.17840793660641
315.8000000000093,140.32244357341818
315.9000000000093,260.55259399594297
316.0000000000093,153.40010379161123
316.10000000000935,59.879192603236774
316.20000000000937,65.85201377715364
316.3000000000094,41.451298865573676
316.4000000000094,35.32281127709665
316.50000000000944,30.427381203513345
316.60000000000946,26.115546274534697
316.7000000000095,29.93149418508479
316.8000000000095,75.56290964658744
316.9000000000095,44.29160061663759
317.00000000000955,50.282882765935085
317.1000000000096,5.766403811529402
317.2000000000096,12.534591559529376
317.3000000000096,25.93979599038976
317.40000000000964,62.51325077584021
317.50000000000966,11.52146745260388
317.6000000000097,66.11509224337665
317.7000000000097,42.56631636278964
317.80000000000973,96.11149674853208
317.90000000000975,415.12329001526774
318.0000000000098,336.08287766904687
318.1000000000098,201.13442163581593
318.2000000000098,93.56001458512655
318.30000000000985,39.47874122537979
318.40000000000987,34.40361688938067
318.5000000000099,33.82472848506557
318.6000000000099,49.39695275978766
318.70000000000994,32.96033196615686
318.80000000000996,29.980432331483737
318.90000000001,35.03462435015333
319.00000000001,51.97312101482858
319.10000000001,86.59431837776458
319.20000000001005,71.63181771137548
319.3000000000101,58.572889424161815
319.4000000000101,102.17860913283079
319.5000000000101,118.74104458900516
319.60000000001014,31.076043437004536
319.70000000001016,34.42445360044147
319.8000000000102,48.77823829790802
319.9000000000102,30.508454855894925
320.00000000001023,51.63094784032691
320.10000000001025,46.258594180994216
320.2000000000103,75.31206555852198
320.3000000000103,46.14175163313687
320.4000000000103,187.30256110994156
320.50000000001035,223.33933019693214
320.60000000001037,72.25151567351723
320.7000000000104,44.979834214923486
320.8000000000104,5.038539472124796
320.90000000001044,1.804988501840617
321.00000000001046,33.94683537166062
321.1000000000105,32.84313727310081
321.2000000000105,20.762329846719627
321.3000000000105,26.338656532146967
321.40000000001055,35.08562870605209
321.5000000000106,4.990000084423171
321.6000000000106,32.090414520262556
321.7000000000106,38.23203236152225
321.80000000001064,33.35373162934567
321.90000000001066,3.3061570582537065
322.0000000000107,19.52038416911761
322.1000000000107,48.27579850685619
322.20000000001073,108.43810424723348
322.30000000001075,79.38029912530219
322.4000000000108,59.13052296737837
322.5000000000108,51.64294761270217
322.6000000000108,22.857629309510706
322.70000000001085,6.529316199445528
322.80000000001087,78.25559596127096
322.9000000000109,117.615105391998
323.0000000000109,295.015011316314
323.10000000001094,232.53806629615795
323.20000000001096,152.165891542115
323.300000000011,42.450590946568106
323.400000000011,180.2541141488117
323.500000000011,153.86642140604258
323.60000000001105,173.29921438458973
323.7000000000111,98.03182559117748
323.8000000000111,67.41768674673627
323.9000000000111,137.85689321816122
324.00000000001114,62.62711396993924
324.10000000001116,51.716325934236025
324.2000000000112,92.12344188690047
324.3000000000112,7.215239970651263
324.40000000001123,34.84296181691518
324.50000000001125,10.40621832709246
324.6000000000113,23.546587062364527
324.7000000000113,47.88021238583954
324.8000000000113,71.55325252906675
324.90000000001135,78.62210305137835
325.00000000001137,26.747631596483256
325.1000000000114,26.330540148901957
325.2000000000114,42.606528444859755
325.30000000001144,60.59585441541656
325.40000000001146,43.92162602596129
325.5000000000115,37.5293849160874
325.6000000000115,21.066393936167586
325.7000000000115,34.35886882478688
325.80000000001155,28.043439946293475
325.9000000000116,43.01178165244022
326.0000000000116,22.33649588604437
326.1000000000116,93.42994953021619
326.20000000001164,55.506315816533096
326.30000000001166,20.88663609061285
326.4000000000117,45.58858478010462
326.5000000000117,89.8007059939159
326.60000000001173,48.095400592527994
326.70000000001176,56.91242149477231
326.8000000000118,60.93880058748263
326.9000000000118,36.056167489511964
327.0000000000118,27.565477200228056
327.10000000001185,56.347910686813385
327.20000000001187,33.89121711399454
327.3000000000119,36.961839472886304
327.4000000000119,39.94676856313145
327.50000000001194,25.48901188507012
327.60000000001196,50.59535694034368
327.700000000012,28.74208150810684
327.800000000012,68.01443650161784
327.900000000012,-1.3082011838656555
328.00000000001205,768.531363581481
328.1000000000121,1085.352812511943
328.2000000000121,156.1713460782633
328.3000000000121,66.2806046561559
328.40000000001214,38.10225014015201
328.50000000001216,16.30548189211626
328.6000000000122,5.518250861110987
328.7000000000122,25.193627839467993
328.80000000001223,58.75219453328503
328.90000000001226,32.14468117041276
329.0000000000123,47.40374721036607
329.1000000000123,33.070201018641335
329.2000000000123,30.89302491605698
329.30000000001235,18.68997224122311
329.40000000001237,18.112206879748033
329.5000000000124,16.116531348791664
329.6000000000124,25.669882815415022
329.70000000001244,15.922648158874072
329.80000000001246,21.744097399325483
329.9000000000125,23.515639740435784
330.0000000000125,0.6801704528376984
330.1000000000125,39.297436601223744
330.20000000001255,13.966040840449722
330.3000000000126,19.936418384570178
330.4000000000126,44.86359373006011
330.5000000000126,22.795090969592263
330.60000000001264,14.417019869142283
330.70000000001266,29.077687573249648
330.8000000000127,46.99296246541876
330.9000000000127,50.836263242059076
331.00000000001273,12.291230275010987
331.10000000001276,14.719997704416285
331.2000000000128,19.04131192660742
331.3000000000128,2.905200975727732
331.4000000000128,31.31266625596695
331.50000000001285,35.15140032673981
331.60000000001287,49.22295584174084
331.7000000000129,27.21280994493696
331.8000000000129,37.04860523869812
331.90000000001294,8.433570707023776
332.00000000001296,51.8098562922802
332.100000000013,55.82513316466972
332.200000000013,59.52927237557744
332.30000000001303,106.04082237106671
332.40000000001305,44.74143062935033
332.5000000000131,41.755525186617376
332.6000000000131,26.165157221941268
332.7000000000131,26.19057128152924
332.80000000001314,23.823394835265375
332.90000000001316,54.6125657127805
333.0000000000132,38.199157436632554
333.1000000000132,22.377138523005637
333.20000000001323,54.607801440403875
333.30000000001326,26.442401901571262
333.4000000000133,18.08289940977115
333.5000000000133,36.039303790761174
333.6000000000133,39.77890194854905
333.70000000001335,38.20769329463622
333.80000000001337,12.647244736944625
333.9000000000134,14.645098422190161
334.0000000000134,25.38779276758854
334.10000000001344,81.90943097309808
334.20000000001346,86.31471978721196
334.3000000000135,33.70908401229005
334.4000000000135,45.67080079807117
334.50000000001353,11.036410933155787
334.60000000001355,35.20937191287951
334.7000000000136,28.74295487489587
334.8000000000136,84.2625518908436
334.9000000000136,380.41450449555214
335.00000000001364,157.319002975481
335.10000000001367,60.70178106322874
335.2000000000137,17.353944703012736
335.3000000000137,41.7356918503912
335.40000000001373,5.859584293864578
335.50000000001376,33.617766745576716
335.6000000000138,-3.5783938557774837
335.7000000000138,29.530759741755432
335.8000000000138,29.73170055411548
335.90000000001385,23.70815895318931
336.00000000001387,33.969086386123216
336.1000000000139,218.7099072730564
336.2000000000139,96.45430223576258
336.30000000001394,8.106295868757497
336.40000000001396,46.54697638510419
336.500000000014,6.650454762208534
336.600000000014,15.069166059006056
336.70000000001403,13.51012170735022
336.80000000001405,3.5896920291605903
336.9000000000141,1.7971501375320114
337.0000000000141,14.336315622044758
337.1000000000141,16.304367823550322
337.20000000001414,134.34515362793044
337.30000000001417,147.3437912334441
337.4000000000142,22.52342974449916
337.5000000000142,17.316915635756075
337.60000000001423,34.84734947328757
337.70000000001426,22.32739943556176
337.8000000000143,7.58238504989772
337.9000000000143,16.2088805927092
338.0000000000143,68.16914872627252
338.10000000001435,-7.939445516753899
338.20000000001437,446.22184026693844
338.3000000000144,806.9545532861017
338.4000000000144,260.31618335493124
338.50000000001444,56.00199853705182
338.60000000001446,24.135360235192923
338.7000000000145,58.46770185920187
338.8000000000145,38.66322120793575
338.90000000001453,5.3174851601396895
339.00000000001455,11.426748233302325
339.1000000000146,14.211073648924147
339.2000000000146,24.361204058501727
339.3000000000146,22.139150929443986
339.40000000001464,56.77012647976627
339.50000000001467,25.07017789826637
339.6000000000147,30.845391007135035
339.7000000000147,24.364451767564187
339.80000000001473,2.3472409408273327
339.90000000001476,9.299763627508217
340.0000000000148,17.275297845756796
340.1000000000148,2.3407250371180113
340.2000000000148,15.733630887834433
340.30000000001485,6.447020571426407
340.40000000001487,12.505203575104971
340.5000000000149,10.331112039734059
340.6000000000149,19.322510747578896
340.70000000001494,5.195563419500675
340.80000000001496,6.60508392608458
340.900000000015,20.453713419299177
341.000000000015,29.005675062713323
341.10000000001503,12.965551280591802
341.20000000001505,18.80530597237958
341.3000000000151,12.052767095587
341.4000000000151,4.945119487388151
341.5000000000151,30.52709239143276
341.60000000001514,17.959814619395384
341.70000000001517,33.54446148648093
341.8000000000152,17.662709052678537
341.9000000000152,15.123987414801297
342.00000000001523,17.399685186093755
342.10000000001526,14.09039838670098
342.2000000000153,15.84234887183945
342.3000000000153,6.834329946322886
342.4000000000153,10.793289172063702
342.50000000001535,9.671643603700591
342.60000000001537,4.03970718883083
342.7000000000154,25.29040291810863
342.8000000000154,3.9887528789390005
342.90000000001544,38.43466589256398
343.00000000001546,3.6421345708130777
343.1000000000155,18.39529986031174
343.2000000000155,15.488815149756473
343.30000000001553,8.36089331507087
343.40000000001555,15.494317457317326
343.5000000000156,13.017378180139646
343.6000000000156,9.471347017412466
343.7000000000156,30.48032357983734
343.80000000001564,14.834188429796836
343.90000000001567,32.53861816746445
344.0000000000157,-1.9463609335567884
344.1000000000157,28.055594026904007
344.20000000001573,16.537990968857486
344.30000000001576,13.928036071375022
344.4000000000158,37.59458685930098
344.5000000000158,27.380112986017124
344.6000000000158,17.70622509199835
344.70000000001585,10.703386853778467
344.80000000001587,-8.028317292827968
344.9000000000159,33.50908313618584
345.0000000000159,19.53900191506238
345.10000000001594,12.497609492344342
345.20000000001596,22.772236092650857
345.300000000016,12.590375067444151
345.400000000016,13.38236716272723
345.50000000001603,13.322502312613908
345.60000000001605,22.482661674351185
345.7000000000161,27.231854640136575
345.8000000000161,-11.798777339538223
345.9000000000161,27.559101257668964
346.00000000001614,11.305447873532525
346.10000000001617,31.877309359908402
346.2000000000162,22.476587499088975
346.3000000000162,19.48579539352099
346.40000000001623,37.01466863773216
346.50000000001626,37.43590006167918
346.6000000000163,32.03825425196747
346.7000000000163,26.990332340561483
346.8000000000163,23.563053568208918
346.90000000001635,11.601388298735476
347.00000000001637,26.67953323207364
347.1000000000164,29.845027497235893
347.2000000000164,26.180744879404127
347.30000000001644,26.615595335748594
347.40000000001646,-2.9323013490053764
347.5000000000165,39.80651468297065
347.6000000000165,11.979212173744088
347.70000000001653,26.083322816969783
347.80000000001655,22.04490564189198
347.9000000000166,-12.832106926925604
348.0000000000166,32.820442287167545
348.1000000000166,10.852167662567396
348.20000000001664,39.88028352411026
348.30000000001667,9.249864916121856
348.4000000000167,10.526280076895617
348.5000000000167,6.781826342154427
348.60000000001673,11.761724841111333
348.70000000001676,16.494873026531604
348.8000000000168,20.737034009899794
348.9000000000168,21.07978599496497
349.0000000000168,30.82392314407865
349.10000000001685,29.109446817324688
349.20000000001687,16.146259704318854
349.3000000000169,13.673232451378253
349.4000000000169,4.863504472126063
349.50000000001694,24.5425198404806
349.60000000001696,15.78960652720021
349.700000000017,6.782767461358729
349.800000000017,15.565000012107781
349.90000000001703,30.910183271041035
350.00000000001705,17.54400095106919
350.1000000000171,17.178767261839024
350.2000000000171,20.47371019917696
350.3000000000171,21.675869532906475
350.40000000001714,-0.9109838479598844
350.50000000001717,52.17670444681245
350.6000000000172,11.561212263760105
350.7000000000172,25.10292717300464
350.80000000001723,6.115654810186873
350.90000000001726,18.215799054239746
351.0000000000173,46.20984075224983
351.1000000000173,26.240894908883597
351.2000000000173,31.329267633530275
351.30000000001735,18.403689268111783
351.40000000001737,29.316135452017598
351.5000000000174,-11.381693290069109
351.6000000000174,-5.662086695436899
351.70000000001744,14.837914173240184
351.80000000001746,19.43301965545938
351.9000000000175,3.4643869469588164
352.0000000000175,7.502662368609335
352.10000000001753,20.10373672585727
352.20000000001755,24.317912132660148
352.3000000000176,24.453524179779976
352.4000000000176,6.726024357401013
352.5000000000176,1.1217173832771032
352.60000000001764,8.243560029800012
352.70000000001767,30.584720825570464
352.8000000000177,24.032433242440337
352.9000000000177,39.09689529446446
353.00000000001774,27.392206023378233
353.10000000001776,30.316228383303702
353.2000000000178,7.8274823375818325
353.3000000000178,0.4792351716573884
353.4000000000178,21.128955727270217
353.50000000001785,38.18062750712738
353.60000000001787,5.342145364550611
353.7000000000179,38.28377576589449
353.8000000000179,33.58404278667417
353.90000000001794,27.886779218621793
354.00000000001796,14.536383322337258
354.100000000018,7.198583524418902
354.200000000018,33.224632833495356
354.30000000001803,28.202248677260982
354.40000000001805,1.053234649556165
354.5000000000181,11.347119895904411
354.6000000000181,24.223207919718845
354.7000000000181,12.608392437645595
354.80000000001814,25.68656663424468
354.90000000001817,27.056395184896108
355.0000000000182,34.12177540427018
355.1000000000182,27.366611939474808
355.20000000001824,64.15554699589521
355.30000000001826,157.76259853535018
355.4000000000183,168.64148532536612
355.5000000000183,122.48124435684302
355.6000000000183,115.01851673299792
355.70000000001835,121.7777420247714
355.8000000000184,121.49839015675212
355.9000000000184,54.69910984370918
356.0000000000184,72.99479859676961
356.10000000001844,65.73250260344987
356.20000000001846,31.73697127641976
356.3000000000185,48.358880319886524
356.4000000000185,26.406768794173974
356.50000000001853,47.43167950785483
356.60000000001855,60.590900802392845
356.7000000000186,33.66595322559135
356.8000000000186,40.93640817282877
356.9000000000186,34.20177592077514
357.00000000001864,50.63043617924651
357.10000000001867,20.467118540759554
357.2000000000187,26.63931889858182
357.3000000000187,21.2080351341922
357.40000000001874,17.641444630431106
357.50000000001876,12.42390308849328
357.6000000000188,17.344943560212272
357.7000000000188,34.467936028250385
357.8000000000188,21.658122061000597
357.90000000001885,31.47313650347933
358.0000000000189,17.667184637211307
358.1000000000189,113.13378093434513
358.2000000000189,63.503861543167346
358.30000000001894,46.32815208181949
358.40000000001896,116.55722775750212
358.500000000019,125.4322470763791
358.600000000019,559.3184742786596
358.70000000001903,514.7039798225794
358.80000000001905,223.44717348567406
358.9000000000191,115.05474876756745
359.0000000000191,74.76549740242845
359.1000000000191,38.53165550214349
359.20000000001914,24.463685368430703
359.30000000001917,21.617058995170574
359.4000000000192,20.56823095371465
359.5000000000192,30.48806315825808
359.60000000001924,41.53949910630151
359.70000000001926,23.564188044669937
359.8000000000193,59.20426705424892
359.9000000000193,48.69804278918882
360.0000000000193,22.6993829119709
360.10000000001935,29.73723535191911
360.2000000000194,42.77564367411475
360.3000000000194,25.589616388886142
360.4000000000194,49.268597294388016
360.50000000001944,31.054790139167974
360.60000000001946,68.575670449851
360.7000000000195,90.49688078321235
360.8000000000195,107.46957440612404
360.90000000001953,97.46989669527134
361.00000000001955,40.1974412107231
361.1000000000196,51.27745198455649
361.2000000000196,59.04238913339898
361.3000000000196,39.49451503980265
361.40000000001965,50.12386933790923
361.50000000001967,27.59508010485461
361.6000000000197,16.119482261543016
361.7000000000197,19.163588579868215
361.80000000001974,55.54032699356312
361.90000000001976,45.698219778566354
362.0000000000198,54.99098680943383
362.1000000000198,48.096365429258526
362.2000000000198,49.81692194346938
362.30000000001985,47.41740699009087
362.4000000000199,46.70139425215744
362.5000000000199,46.83762891051256
362.6000000000199,56.421448514364705
362.70000000001994,41.45307090961731
362.80000000001996,33.90664111043124
362.90000000002,52.69147116307418
363.00000000002,26.947584543546323
363.10000000002003,55.21756983264048
363.20000000002005,72.99694260796244
363.3000000000201,105.75850411790447
363.4000000000201,104.01647339354669
363.5000000000201,68.53012847494388
363.60000000002015,39.801744265128235
363.70000000002017,83.77761483100684
363.8000000000202,52.272435118925216
363.9000000000202,73.65281782608776
364.00000000002024,45.07468878009024
364.10000000002026,50.41714376683805
364.2000000000203,43.18383808333347
364.3000000000203,39.783186237266534
364.4000000000203,23.07954547266649
364.50000000002035,61.62206010901834
364.6000000000204,41.53589971062914
364.7000000000204,33.71175941793089
364.8000000000204,29.5127683979489
364.90000000002044,47.81942372723421
365.00000000002046,584.3114067439398
365.1000000000205,449.4488219646487
365.2000000000205,334.00108558227225
365.30000000002053,314.3800677816957
365.40000000002055,267.23143072788247
365.5000000000206,178.3235036517728
365.6000000000206,120.56250664374778
365.7000000000206,130.71671949224591
365.80000000002065,165.12876368203987
365.90000000002067,207.21455002746137
366.0000000000207,207.88456489531072
366.1000000000207,153.7211118309564
366.20000000002074,174.7364877965642
366.30000000002076,199.00986012647465
366.4000000000208,154.15757566159695
366.5000000000208,124.27870616458102
366.6000000000208,120.26505117491168
366.70000000002085,134.44684919780167
366.8000000000209,157.07223961855607
366.9000000000209,154.67206384969805
367.0000000000209,139.72753461529442
367.10000000002094,128.4867877792593
367.20000000002096,105.09388507590792
367.300000000021,126.91616182271127
367.400000000021,169.50883817417906
367.50000000002103,146.59592673510085
367.60000000002105,153.523186192341
367.7000000000211,163.8847774740586
367.8000000000211,129.4105279983121
367.9000000000211,154.96998540602277
368.00000000002115,183.19110346431648
368.10000000002117,148.65843075394622
368.2000000000212,120.05848786335415
368.3000000000212,342.10549433090546
368.40000000002124,851.8688978700562
368.50000000002126,1227.9319405714916
368.6000000000213,666.595802118355
368.7000000000213,90.68472051116206
368.8000000000213,171.16118285326442
368.90000000002135,177.5404831133564
369.0000000000214,129.8413209040609
369.1000000000214,127.69344315336103
369.2000000000214,133.99613746745706
369.30000000002144,142.44483926907756
369.40000000002146,158.27448674031425
369.5000000000215,172.10409330341395
369.6000000000215,158.5688470591658
369.70000000002153,152.82419713016188
369.80000000002156,155.1007594080259
369.9000000000216,142.44769463555713
370.0000000000216,175.15623041375233
370.1000000000216,203.55044287936204
370.20000000002165,169.7028123535228
370.30000000002167,158.13563639609686
370.4000000000217,359.45347847172013
370.5000000000217,795.4993713038906
370.60000000002174,1157.8477763710018
370.70000000002176,867.1347901780248
370.8000000000218,428.17347514228834
370.9000000000218,452.7633569057917
371.0000000000218,334.3011266579964
371.10000000002185,216.2313031625263
371.2000000000219,251.2966567415516
371.3000000000219,223.0644335468248
371.4000000000219,191.2324214438765
371.50000000002194,201.40220102425047
371.60000000002196,200.07794878871584
371.700000000022,112.17273985836715
371.800000000022,243.5042531109823
371.90000000002203,534.9261062349103
372.00000000002206,428.1893656115776
372.1000000000221,284.6518154460461
372.2000000000221,272.76672353318304
372.3000000000221,250.68168704219482
372.40000000002215,225.70659721816847
372.50000000002217,213.89075011547953
372.6000000000222,229.97643109492438
372.7000000000222,277.13776198619865
372.80000000002224,267.4827364904228
372.90000000002226,209.53517285803622
373.0000000000223,194.24290537083536
373.1000000000223,230.4898979438747
373.2000000000223,252.97042632463493
373.30000000002235,323.7754579754493
373.4000000000224,674.4549112012471
373.5000000000224,1128.8825786385203
373.6000000000224,1676.8275095752133
373.70000000002244,2162.845600531038
373.80000000002246,1401.7810960174118
373.9000000000225,440.753732769013
374.0000000000225,465.2763567154749
374.10000000002253,578.675627627063
374.20000000002256,469.2569837217196
374.3000000000226,310.30634148135726
374.4000000000226,353.7412926467712
374.5000000000226,432.10814676613126
374.60000000002265,386.6912057268953
374.70000000002267,318.60029167046537
374.8000000000227,553.3514511030776
374.9000000000227,614.5595019439053
375.00000000002274,364.5469514892748
375.10000000002276,251.31019635258323
375.2000000000228,294.93198730488905
375.3000000000228,316.69887712859867
375.4000000000228,239.46872042936727
375.50000000002285,258.1357999106669
375.6000000000229,256.66632671692895
375.7000000000229,590.9100109585147
375.8000000000229,1656.8857232881903
375.90000000002294,1716.329498550931
376.00000000002296,1303.6092741409332
376.100000000023,1481.648078747104
376.200000000023,831.3012326389593
376.30000000002303,267.22400967298074
376.40000000002306,391.5701274200677
376.5000000000231,369.6067353245853
376.6000000000231,370.57170838150444
376.7000000000231,411.5390193278469
376.80000000002315,359.71734710778026
376.90000000002317,373.0131688435771
377.0000000000232,413.8419140013254
377.1000000000232,404.68882767784027
377.20000000002324,355.50009801839127
377.30000000002326,311.15327587627564
377.4000000000233,295.0737243955308
377.5000000000233,301.75592712675416
377.60000000002333,310.3718691617364
377.70000000002335,301.6558678934901
377.8000000000234,292.9761830962076
377.9000000000234,317.0936237194759
378.0000000000234,296.38483563961586
378.10000000002344,272.0755870487459
378.20000000002346,311.41983065158536
378.3000000000235,303.66520241671026
378.4000000000235,295.4989250999357
378.50000000002353,353.13996536112666
378.60000000002356,437.711798851086
378.7000000000236,442.3381674130374
378.8000000000236,405.36195058853593
378.9000000000236,427.1247878744362
379.00000000002365,462.5321634503983
379.10000000002367,510.9444727451138
379.2000000000237,583.7570060957819
379.3000000000237,676.9525300084069
379.40000000002374,817.687232349357
379.50000000002376,878.9705329373631
379.6000000000238,742.7326220149846
379.7000000000238,600.9514751272267
379.80000000002383,545.4272158525135
379.90000000002385,601.8061813951409
380.0000000000239,743.9988642095516
380.1000000000239,743.2560642906155
380.2000000000239,831.7178499184348
380.30000000002394,1176.2224343857072
380.40000000002397,977.6115811198431
380.500000000024,581.5941453174366
380.600000000024,453.96344610732666
380.70000000002403,413.8485091934659
380.80000000002406,373.01046147877486
380.9000000000241,340.00420867831787
381.0000000000241,342.41901330971825
381.1000000000241,344.5498900971521
381.20000000002415,338.50331556374084
381.30000000002417,353.3954616589326
381.4000000000242,420.19337116611166
381.5000000000242,469.7289019692717
381.60000000002424,419.91826075948626
381.70000000002426,274.1716999051714
381.8000000000243,206.23628686356764
381.9000000000243,389.1534182505417
382.00000000002433,616.8550957760972
382.10000000002435,423.453362385694
382.2000000000244,236.58594196462093
382.3000000000244,252.09184389457903
382.4000000000244,349.32582201012104
382.50000000002444,502.66591632225095
382.60000000002447,547.2169915625605
382.7000000000245,496.02121515505775
382.8000000000245,575.8739270228253
382.90000000002453,604.2052435878509
383.00000000002456,526.105660637126
383.1000000000246,438.54803354328305
383.2000000000246,378.9850330259298
383.3000000000246,385.127345756495
383.40000000002465,400.4524205938624
383.50000000002467,311.1832222340923
383.6000000000247,246.8139538176951
383.7000000000247,276.4928162267285
383.80000000002474,347.901203933966
383.90000000002476,359.72877365868203
384.0000000000248,333.68395135896145
384.1000000000248,300.70114379167677
384.20000000002483,251.19831726960825
384.30000000002485,225.59538282982086
384.4000000000249,223.7811083866823
384.5000000000249,219.2975456240629
384.6000000000249,208.2715890745566
384.70000000002494,190.8156129640958
384.80000000002497,195.63411486347587
384.900000000025,250.29436044446842
385.000000000025,273.4160788226625
385.10000000002503,250.21582852298093
385.20000000002506,228.18364757207186
385.3000000000251,247.81032614434756
385.4000000000251,295.6883393073766
385.5000000000251,345.0526901015445
385.60000000002515,363.70437671634016
385.70000000002517,296.09451169046497
385.8000000000252,294.43645145462386
385.9000000000252,419.45097565357617
386.00000000002524,397.34606785088897
386.10000000002526,342.3720943758975
386.2000000000253,324.41673102747353
386.3000000000253,265.25150786904965
386.40000000002533,241.58611375324298
386.50000000002535,249.9412565266049
386.6000000000254,250.10601558060844
386.7000000000254,255.24588259251257
386.8000000000254,295.7404636267132
386.90000000002544,357.59177059279347
387.00000000002547,406.3292213716988
387.1000000000255,484.72373336866707
387.2000000000255,685.6159500996345
387.30000000002553,1176.2562198469116
387.40000000002556,1918.8955930013726
387.5000000000256,1598.6558412648662
387.6000000000256,642.4807695065516
387.7000000000256,544.1235607289233
387.80000000002565,728.8815470361083
387.90000000002567,970.2579253214932
388.0000000000257,1077.5289390852852
388.1000000000257,666.0249076092451
388.20000000002574,414.71721954807435
388.30000000002576,396.73932479930426
388.4000000000258,263.06780392988384
388.5000000000258,335.49066580505496
388.60000000002583,382.6227652635981
388.70000000002585,390.90620595973616
388.8000000000259,760.4118067121088
388.9000000000259,890.9355259996724
389.0000000000259,667.8935610785297
389.10000000002594,435.6322947845923
389.20000000002597,323.48476996513295
389.300000000026,400.22330271744147
389.400000000026,373.63753266896
389.50000000002603,151.62760819787948
389.60000000002606,1602.0287512060381
389.7000000000261,4642.820304992418
389.8000000000261,6373.110515312703
389.9000000000261,3197.4118855784527
390.00000000002615,559.5108183126466
390.10000000002617,802.488446026587
390.2000000000262,552.8784334962436
390.3000000000262,314.20653093457656
390.40000000002624,506.93936962261824
390.50000000002626,776.5284937352645
390.6000000000263,579.3010520368437
390.7000000000263,322.64039154316447
390.80000000002633,346.35161586061037
390.90000000002635,512.6882041264712
391.0000000000264,459.53732021941977
391.1000000000264,333.2741330832106
391.2000000000264,406.46520422214167
391.30000000002644,657.7062807247472
391.40000000002647,873.2563080194407
391.5000000000265,833.1320456345147
391.6000000000265,550.8807436305029
391.70000000002653,443.3085651905322
391.80000000002656,437.4317474358717
391.9000000000266,399.96864878922764
392.0000000000266,421.6815846973575
392.1000000000266,438.51565797971824
392.20000000002665,458.157618791819
392.30000000002667,508.7625976362324
392.4000000000267,511.21500458690963
392.5000000000267,570.2874584030695
392.60000000002674,884.1061380887147
392.70000000002676,1428.805102703597
392.8000000000268,1483.799943770008
392.9000000000268,1356.8004449232901
393.00000000002683,1657.893926836069
393.10000000002685,3529.6301978511347
393.2000000000269,14999.302416388775
393.3000000000269,27886.20409040412
393.4000000000269,23848.514444456276
393.50000000002694,9797.616121213043
393.60000000002697,517.0132390742529
393.700000000027,1095.3151298592386
393.800000000027,1117.9730969818875
393.90000000002703,617.7964786022943
394.00000000002706,657.5871239800339
394.1000000000271,564.8188777680856
394.2000000000271,848.076492858158
394.3000000000271,2440.5252332512855
394.40000000002715,3755.822750161639
394.50000000002717,1661.9357189740572
394.6000000000272,361.1856544292764
394.7000000000272,638.0397833156708
394.80000000002724,541.9740544354066
394.90000000002726,517.4546800339214
395.0000000000273,486.97675845953995
395.1000000000273,384.4935926635702
395.20000000002733,418.42057241881224
395.30000000002735,422.45195670550777
395.4000000000274,424.15393324937503
395.5000000000274,476.5268429650534
395.6000000000274,463.5142366929584
395.70000000002744,683.5907666287152
395.80000000002747,542.3238657085301
395.9000000000275,122.18582864573926
396.0000000000275,3126.8766982544057
396.10000000002753,5776.381032989708
396.20000000002756,4340.586370480433
396.3000000000276,1639.0654563928351
396.4000000000276,1262.2496530573765
396.5000000000276,580.8229477540594
396.60000000002765,816.0416184751243
396.70000000002767,17338.828602859005
396.8000000000277,27199.721488358657
396.9000000000277,16901.299652743684
397.00000000002774,4120.381066673145
397.10000000002776,-87.1158895536687
397.2000000000278,1059.5169427179526
397.3000000000278,761.8595691508013
397.40000000002783,571.035978211067
397.50000000002785,846.1545811373884
397.6000000000279,1053.1264522766962
397.7000000000279,860.4399635552021
397.8000000000279,822.6697109125903
397.90000000002794,848.0294565022904
398.00000000002797,704.3278821170052
398.100000000028,574.679903951381
398.200000000028,477.05471287882995
398.30000000002804,412.95769924031663
398.40000000002806,402.1323504854173
398.5000000000281,427.06630700937194
398.6000000000281,454.8039159254575
398.7000000000281,462.8969910449309
398.80000000002815,458.8161098586224
398.9000000000282,482.22874376112276
399.0000000000282,471.70122963116717
399.1000000000282,384.481641356539
399.20000000002824,323.7204579540013
399.30000000002826,281.3600084676861
399.4000000000283,256.6193513438293
399.5000000000283,264.1203516175751
399.60000000002833,232.4939287056598
399.70000000002835,232.09786350087563
399.8000000000284,291.8422382770324
399.9000000000284,283.5898732448382
400.0000000000284,206.87853212752918
400.10000000002844,165.76167962563454
400.20000000002847,209.0098949656687
400.3000000000285,187.0318793244673
400.4000000000285,193.37100894095445
400.50000000002854,230.90741502037608
400.60000000002856,158.5779117730912
400.7000000000286,148.6771185654556
400.8000000000286,210.07294462665973
400.9000000000286,218.32200390229912
401.00000000002865,142.79416854680161
401.1000000000287,275.3804878541701
401.2000000000287,441.7726152671879
401.3000000000287,297.27955320065433
401.40000000002874,374.31294244325693
401.50000000002876,730.2522101526272
401.6000000000288,902.1293988609465
401.7000000000288,462.30413223887547
401.80000000002883,184.97113378852657
401.90000000002885,197.80926248215587
402.0000000000289,156.3750675163038
402.1000000000289,157.1226888185373
402.2000000000289,170.36584701346217
402.30000000002894,168.49719466202896
402.40000000002897,183.40373205715798
402.500000000029,193.62818017012208
402.600000000029,184.85635754431547
402.70000000002904,168.4001732410817
402.80000000002906,169.06186597049145
402.9000000000291,168.29827327129902
403.0000000000291,188.34532276073182
403.1000000000291,229.06508387452027
403.20000000002915,173.13623288184442
403.3000000000292,146.13249875574712
403.4000000000292,186.54909643136955
403.5000000000292,157.20611670209965
403.60000000002924,138.35898323641882
403.70000000002926,151.14859894812878
403.8000000000293,154.1650135067817
403.9000000000293,172.30701984314211
404.00000000002933,470.39981415060595
404.10000000002935,668.1968935863325
404.2000000000294,283.20790094010033
404.3000000000294,153.22719454931683
404.4000000000294,326.0745738722684
404.50000000002944,481.3794011992326
404.60000000002947,493.21657098700365
404.7000000000295,368.8145364782203
404.8000000000295,266.4869872550312
404.90000000002954,257.5366197897501
405.00000000002956,184.0133613039218
405.1000000000296,411.3872209443242
405.2000000000296,781.7151333191981
405.3000000000296,712.09313188706
405.40000000002965,450.3407983795694
405.5000000000297,339.4819315637891
405.6000000000297,425.0526617913128
405.7000000000297,455.10731064802525
405.80000000002974,504.1995110184803
405.90000000002976,517.6087497952608
406.0000000000298,591.9479224808761
406.1000000000298,1132.4109027978373
406.20000000002983,697.4905269786253
406.30000000002985,3012.5264924130947
406.4000000000299,11320.670143918098
406.5000000000299,10957.092471670921
406.6000000000299,4754.852034879366
406.70000000002995,1476.2710056044732
406.80000000002997,798.5950909775744
406.90000000003,732.2141974641777
407.00000000003,583.7656749058451
407.10000000003004,596.785334837167
407.20000000003006,468.92009370103784
407.3000000000301,361.82971284774726
407.4000000000301,338.241983636769
407.5000000000301,304.366694736188
407.60000000003015,683.9783171341472
407.7000000000302,1062.833489535729
407.8000000000302,929.9068835824021
407.9000000000302,537.9345697909812
408.00000000003024,395.5531943744295
408.10000000003026,376.9336706958651
408.2000000000303,416.3834550891228
408.3000000000303,1424.8748456212506
408.40000000003033,1872.007405225524
408.50000000003035,1189.4127835399247
408.6000000000304,695.9849986764335
408.7000000000304,422.3558919832692
408.8000000000304,465.3287239843693
408.90000000003045,714.5621623060636
409.00000000003047,601.6912053068299
409.1000000000305,391.01864860967237
409.2000000000305,280.6722368611333
409.30000000003054,226.44859285013754
409.40000000003056,224.31801721838278
409.5000000000306,213.60823068391673
409.6000000000306,201.60333719943054
409.7000000000306,244.05128349481703
409.80000000003065,231.5586564992693
409.9000000000307,201.05010355988983
410.0000000000307,209.8414659888821
410.1000000000307,201.4388523744771
410.20000000003074,200.445380350357
410.30000000003076,200.66445087127846
410.4000000000308,178.3508404683344
410.5000000000308,168.13258321101767
410.60000000003083,182.06322150719853
410.70000000003085,191.06689784093632
410.8000000000309,166.88604372640887
410.9000000000309,171.4746691417385
411.0000000000309,196.16284554494072
411.10000000003095,198.4797644265404
411.20000000003097,174.8755021399461
411.300000000031,177.03692244993226
411.400000000031,194.91330365411085
411.50000000003104,190.86532703651756
411.60000000003106,191.4382627610481
411.7000000000311,210.193481385064
411.8000000000311,222.3187233236174
411.9000000000311,208.4853888332491
412.00000000003115,244.48883463201972
412.1000000000312,301.33341458531385
412.2000000000312,331.74096151581614
412.3000000000312,361.39324189066787
412.40000000003124,426.65757516561797
412.50000000003126,503.0410571350255
412.6000000000313,533.8825987680102
412.7000000000313,502.5905984553176
412.80000000003133,467.13133522726594
412.90000000003135,451.9871023779241
413.0000000000314,434.62170700803426
413.1000000000314,418.3897548904874
413.2000000000314,359.1720179995744
413.30000000003145,268.8296422507071
413.40000000003147,234.4180954053286
413.5000000000315,216.20707253782626
413.6000000000315,200.13787616363075
413.70000000003154,194.7207923903725
413.80000000003156,180.9033748599518
413.9000000000316,155.88018264460712
414.0000000000316,155.17082211338706
414.1000000000316,199.0502452672133
414.20000000003165,213.05814877517335
414.3000000000317,217.66149366938268
414.4000000000317,218.78325440484483
414.5000000000317,174.32900252150884
414.60000000003174,143.44006053507087
414.70000000003176,152.70743124589455
414.8000000000318,184.27655880943618
414.9000000000318,206.13754893361872
415.00000000003183,198.92759525001188
415.10000000003186,183.5339976235891
415.2000000000319,180.31817622053347
415.3000000000319,157.46450720710476
415.4000000000319,166.86527246285553
415.50000000003195,196.44156321804928
415.60000000003197,184.91048799260219
415.700000000032,236.328439055912
415.800000000032,332.44305152590346
415.90000000003204,383.9559474892823
416.00000000003206,344.28744021575756
416.1000000000321,262.48605390989684
416.2000000000321,245.62460795053485
416.3000000000321,317.90060757242145
416.40000000003215,329.294638071058
416.5000000000322,291.11769261477247
416.6000000000322,236.4468925689
416.7000000000322,178.66135432619768
416.80000000003224,170.60082083290436
416.90000000003226,162.22182548431704
417.0000000000323,174.58221054014177
417.1000000000323,296.09765493274097
417.20000000003233,337.1430418820968
417.30000000003236,262.4186137465431
417.4000000000324,194.43061549335684
417.5000000000324,233.52107604746766
417.6000000000324,226.54045277591038
417.70000000003245,186.9930769674816
417.80000000003247,212.18456911400375
417.9000000000325,189.40521543349539
418.0000000000325,212.57796009652958
418.10000000003254,294.80015646290644
418.20000000003256,310.51693276165184
418.3000000000326,277.3035979388369
418.4000000000326,305.5191323808957
418.5000000000326,367.9370842507978
418.60000000003265,297.9883797607755
418.7000000000327,275.37064581123803
418.8000000000327,273.1623623804152
418.9000000000327,222.0097537915815
419.00000000003274,276.062049139553
419.10000000003276,296.0556754205642
419.2000000000328,250.68697241654786
419.3000000000328,242.04609565077132
419.40000000003283,245.80340804310492
419.50000000003286,228.0661866313726
419.6000000000329,215.33412558690824
419.7000000000329,258.5108570072248
419.8000000000329,296.73899427466864
419.90000000003295,334.56467033733117
420.00000000003297,394.49554768481755
420.100000000033,441.84416049324454
420.200000000033,402.3327137821236
420.30000000003304,313.7097973481752
420.40000000003306,254.56495142141216
420.5000000000331,217.8379646299638
420.6000000000331,199.57581052964426
420.7000000000331,200.53091201974357
420.80000000003315,207.0910371545784
420.9000000000332,183.98458238356108
421.0000000000332,189.42138204616975
421.1000000000332,236.0769087895813
421.20000000003324,238.91689373691395
421.30000000003326,169.83948733519262
421.4000000000333,381.67350498460706
421.5000000000333,723.8955206072981
421.60000000003333,400.09127204383896
421.70000000003336,203.24011770476218
421.8000000000334,255.24610083069066
421.9000000000334,190.900319025507
422.0000000000334,187.70241257567642
422.10000000003345,177.4373226285917
422.20000000003347,237.91346349195513
422.3000000000335,280.43000732664257
422.4000000000335,-265.151014669657
422.50000000003354,1159.0809304268053
422.60000000003356,3581.4774189840673
422.7000000000336,2658.878508419667
422.8000000000336,947.7907196759746
422.90000000003363,180.53740331403037
423.00000000003365,218.82210346665454
423.1000000000337,232.8380859834827
423.2000000000337,177.81560889590017
423.3000000000337,145.36026146355664
423.40000000003374,158.67323378851148
423.50000000003376,204.60531561723766
423.6000000000338,210.31361167597998
423.7000000000338,200.61180198960207
423.80000000003383,227.00254741114856
423.90000000003386,206.68293265808643
424.0000000000339,285.44911923652444
424.1000000000339,494.3933793286892
424.2000000000339,612.0799244925875
424.30000000003395,430.9324256503156
424.40000000003397,232.69961593924677
424.500000000034,224.2633349158815
424.600000000034,220.53064692733196
424.70000000003404,220.67711219460094
424.80000000003406,183.6431726405427
424.9000000000341,132.72404751382965
425.0000000000341,211.72130521643797
425.10000000003413,189.5288491577084
425.20000000003415,124.81898411635599
425.3000000000342,190.8226252485734
425.4000000000342,172.95324620058415
425.5000000000342,161.96045306852972
425.60000000003424,193.50608206221318
425.70000000003427,172.70438802212985
425.8000000000343,157.16133896946516
425.9000000000343,231.10157553074498
426.00000000003433,317.81103295911583
426.10000000003436,249.99253213788214
426.2000000000344,184.67775839792978
426.3000000000344,170.7279591574888
426.4000000000344,172.91916250386404
426.50000000003445,185.0319346683996
426.60000000003447,202.12270620765153
426.7000000000345,221.17579875808815
426.8000000000345,216.67709059089034
426.90000000003454,154.4944459642446
427.00000000003456,169.76592375266225
427.1000000000346,261.3091504534865
427.2000000000346,293.7203444629387
427.30000000003463,226.50166401670768
427.40000000003465,164.2871820385221
427.5000000000347,155.6455790747386
427.6000000000347,148.26060261410862
427.7000000000347,133.02958060835414
427.80000000003474,141.89925786507138
427.90000000003477,151.76351835299957
428.0000000000348,105.5401847133376
428.1000000000348,124.43123142765012
428.20000000003483,223.56076473089342
428.30000000003486,287.3094217225473
428.4000000000349,205.08447621667457
428.5000000000349,147.01193336204136
428.6000000000349,158.2154447155653
428.70000000003495,162.92911285367921
428.80000000003497,155.28943007254406
428.900000000035,237.28969825526755
429.000000000035,307.9772244967106
429.10000000003504,217.09164123458118
429.20000000003506,146.03835601696412
429.3000000000351,176.6228342484872
429.4000000000351,224.42841843482944
429.50000000003513,181.35882674926947
429.60000000003515,159.58031201350354
429.7000000000352,163.75638965264335
429.8000000000352,234.52547658767648
429.9000000000352,415.78047062365044
430.00000000003524,392.41560273177106
430.10000000003527,460.71774412742576
430.2000000000353,663.1221450823112
430.3000000000353,390.2898510384646
430.40000000003533,222.13496725938958
430.50000000003536,220.07547270583177
430.6000000000354,206.99863292009803
430.7000000000354,438.49774295632756
430.8000000000354,396.4512439517724
430.90000000003545,158.59106862312686
431.00000000003547,174.81589198342542
431.1000000000355,219.17391488260398
431.2000000000355,104.03153277439128
431.30000000003554,285.1514934306965
431.40000000003556,1354.7528407495104
431.5000000000356,2629.7673267534406
431.6000000000356,2102.720377790263
431.70000000003563,421.30067947505825
431.80000000003565,319.4769344347691
431.9000000000357,315.6898161768851
432.0000000000357,154.3685452890722
432.1000000000357,181.04936383845433
432.20000000003574,168.1088250051605
432.30000000003577,131.44740900539742
432.4000000000358,169.76569381843584
432.5000000000358,260.13383879697034
432.60000000003583,236.01489298311455
432.70000000003586,184.65574104361713
432.8000000000359,153.9205444740084
432.9000000000359,135.81748321585235
433.0000000000359,151.88378891125967
433.10000000003595,147.77188890705577
433.20000000003597,134.71298764564648
433.300000000036,169.0648453084637
433.400000000036,228.24444386607723
433.50000000003604,220.2296466501795
433.60000000003606,170.8510103713581
433.7000000000361,180.9386488363835
433.8000000000361,200.06535950744205
433.90000000003613,175.27763127217173
434.00000000003615,131.46538957302423
434.1000000000362,135.11650445515082
434.2000000000362,151.53261406736078
434.3000000000362,133.57948992816318
434.40000000003624,109.48791852382088
434.50000000003627,152.59685107999584
434.6000000000363,182.68163312598833
434.7000000000363,172.48319363461485
434.80000000003633,156.0063300530168
434.90000000003636,163.30878854528802
435.0000000000364,159.1349218945386
435.1000000000364,148.71155588746487
435.2000000000364,151.8477643799678
435.30000000003645,153.940981970782
435.40000000003647,168.71797205865042
435.5000000000365,154.04369896232413
435.6000000000365,114.89398275574554
435.70000000003654,195.94512662810095
435.80000000003656,276.77669500341443
435.9000000000366,262.2676123202833
436.0000000000366,188.26782797102007
436.10000000003663,131.04077746784168
436.20000000003665,115.48181930452033
436.3000000000367,134.29542802970116
436.4000000000367,151.79410483346194
436.5000000000367,105.24475350162419
436.60000000003674,76.55954153499988
436.70000000003677,103.85436210458451
436.8000000000368,122.01581822065903
436.9000000000368,131.71783948627646
437.00000000003683,120.99432840584423
437.10000000003686,106.24360156113075
437.2000000000369,125.6892723021845
437.3000000000369,121.93013216124173
437.4000000000369,122.8308761192496
437.50000000003695,138.88849964602005
437.60000000003697,107.56052160589157
437.700000000037,111.76575355947477
437.800000000037,133.69771933695228
437.90000000003704,123.39218183323241
438.00000000003706,111.95710877329475
438.1000000000371,85.32584706864597
438.2000000000371,167.12022764034987
438.30000000003713,331.77606164330814
438.40000000003715,219.29231148692836
438.5000000000372,120.00315968387076
438.6000000000372,148.33035196102855
438.7000000000372,148.28962080799369
438.80000000003724,95.36780854199439
438.90000000003727,105.33807696814333
439.0000000000373,150.43914464667552
439.1000000000373,127.1917729053408
439.20000000003733,126.83821511989706
439.30000000003736,131.7593278945018
439.4000000000374,162.7745945035313
439.5000000000374,237.6486189135619
439.6000000000374,174.8660319838632
439.70000000003745,99.18456010092598
439.80000000003747,118.64224573526779
439.9000000000375,158.14004053593206
440.0000000000375,159.51266724391513
440.10000000003754,132.76289889801782
440.20000000003756,106.23649293582463
440.3000000000376,107.56999682044767
440.4000000000376,189.38444980131808
440.50000000003763,202.2010646989168
440.60000000003765,111.56044468150493
440.7000000000377,105.46505948444157
440.8000000000377,98.51091865494912
440.9000000000377,107.34398197896884
441.00000000003774,142.00340663830448
441.10000000003777,109.15542616716007
441.2000000000378,107.44996266203272
441.3000000000378,125.17151286371357
441.40000000003783,116.02183833470187
441.50000000003786,130.36124079408378
441.6000000000379,150.75152471009224
441.7000000000379,154.94591753353612
441.8000000000379,135.81664395692442
441.90000000003795,105.13398204998654
442.00000000003797,127.19933671688504
442.100000000038,153.3509174316899
442.200000000038,126.29159507093425
442.30000000003804,136.44102298543433
442.40000000003806,155.42571066300093
442.5000000000381,169.45606685070783
442.6000000000381,180.0707023930815
442.70000000003813,139.42014759937825
442.80000000003815,116.76476459538452
442.9000000000382,142.95045212107374
443.0000000000382,169.53846284482483
443.1000000000382,149.63734670146462
443.20000000003824,108.70541412659257
443.30000000003827,174.86828716351724
443.4000000000383,313.0766884410538
443.5000000000383,143.58369169930234
443.60000000003834,668.4915534997346
443.70000000003836,1445.762075515504
443.8000000000384,976.0443693541887
443.9000000000384,410.4393847716759
444.0000000000384,182.0906158389502
444.10000000003845,133.26328409896092
444.2000000000385,120.26255065648891
444.3000000000385,200.71596944781734
444.4000000000385,214.31014544113626
444.50000000003854,128.66606921522424
444.60000000003856,121.85977174684237
444.7000000000386,125.90954772101001
444.8000000000386,130.18415526489454
444.90000000003863,134.0676317607036
445.00000000003865,119.30977330416212
445.1000000000387,169.6435526437433
445.2000000000387,176.73624976534788
445.3000000000387,174.39941320367922
445.40000000003874,356.6051975407842
445.50000000003877,347.02908962822846
445.6000000000388,214.16629971876495
445.7000000000388,172.6941578338925
445.80000000003884,170.89009841600097
445.90000000003886,143.26719239840196
446.0000000000389,103.30174979915707
446.1000000000389,101.31208275579299
446.2000000000389,149.24029824527256
446.30000000003895,177.77940080657896
446.400000000039,175.2615175300744
446.500000000039,208.40049472012527
446.600000000039,326.2884063263461
446.70000000003904,345.74168941073646
446.80000000003906,269.31266784134937
446.9000000000391,209.02596617200146
447.0000000000391,175.74558120833484
447.10000000003913,138.95657468450437
447.20000000003915,121.33988294142053
447.3000000000392,139.46008925399966
447.4000000000392,141.87728620187264
447.5000000000392,143.05579867767526
447.60000000003924,147.6756165339354
447.70000000003927,143.5215081591274
447.8000000000393,129.28429678422003
447.9000000000393,112.08069981007425
448.00000000003934,128.97544813884224
448.10000000003936,185.05136007936676
448.2000000000394,201.187515693053
448.3000000000394,163.0123440416611
448.4000000000394,206.428948078574
448.50000000003945,214.74192581936197
448.6000000000395,-85.08000514286539
448.7000000000395,1294.9933881793675
448.8000000000395,2927.5397743591625
448.90000000003954,2252.56110940617
449.00000000003956,911.6906218245022
449.1000000000396,274.51518983360813
449.2000000000396,256.87204322571637
449.30000000003963,188.58001159323732
449.40000000003965,171.08203136888744
449.5000000000397,177.3506915171519
449.6000000000397,173.34638249342703
449.7000000000397,160.64514324788706
449.80000000003974,116.675270676751
449.90000000003977,133.90503326038106
450.0000000000398,186.81952630681812
450.1000000000398,176.78549545510486
450.20000000003984,140.74610931814638
450.30000000003986,131.1295308162937
450.4000000000399,132.77535404130552
450.5000000000399,117.07455657368631
450.6000000000399,132.93327162095693
450.70000000003995,136.3495265803988
450.80000000004,113.03333778879016
450.90000000004,100.68125166754183
451.00000000004,113.53440019681094
451.10000000004004,125.33524303772525
451.20000000004006,130.82527064324591
451.3000000000401,138.31958897876413
451.4000000000401,125.00514507523552
451.50000000004013,105.65788907394654
451.60000000004015,111.80614414870773
451.7000000000402,132.51377695874356
451.8000000000402,96.1654483973421
451.9000000000402,115.66513053792168
452.00000000004025,156.02050987259594
452.10000000004027,110.02083199536895
452.2000000000403,116.84194542879776
452.3000000000403,148.1623571888657
452.40000000004034,141.38566726450622
452.50000000004036,110.69203872136241
452.6000000000404,132.02179975335522
452.7000000000404,145.9900676283233
452.8000000000404,130.1003105849171
452.90000000004045,124.85216320345688
453.0000000000405,124.69374104691259
453.1000000000405,100.22169824362459
453.2000000000405,136.67214684366297
453.30000000004054,281.2538346420343
453.40000000004056,313.77401465428375
453.5000000000406,283.71156700120014
453.6000000000406,211.15868205653257
453.70000000004063,96.97053114974264
453.80000000004065,116.27997346712763
453.9000000000407,144.5797379289149
454.0000000000407,119.86973241254206
454.1000000000407,109.08450087100405
454.20000000004075,111.94653691388505
454.30000000004077,108.1795382081059
454.4000000000408,111.66838333717031
454.5000000000408,132.40385147883467
454.60000000004084,117.15674090335318
454.70000000004086,87.71721324440644
454.8000000000409,164.89944361676564
454.9000000000409,333.42813912436594
455.0000000000409,270.0069991286296
455.10000000004095,116.78013672642678
455.200000000041,160.6262259429363
455.300000000041,464.4907204432578
455.400000000041,685.2212939179811
455.50000000004104,457.7966380945287
455.60000000004106,115.8610918002284
455.7000000000411,111.11046034531648
455.8000000000411,108.56383324891519
455.90000000004113,111.67132796023957
456.00000000004115,121.20308436264749
456.1000000000412,97.5044587351599
456.2000000000412,118.48219359343084
456.3000000000412,168.12632627386336
456.40000000004125,169.467400169578
456.50000000004127,112.0711706649978
456.6000000000413,110.80357551941822
456.7000000000413,130.71016888187125
456.80000000004134,128.4324199791235
456.90000000004136,108.70625307201172
457.0000000000414,114.32771862199631
457.1000000000414,207.81167452586442
457.2000000000414,258.80981367809403
457.30000000004145,167.74882107879966
457.4000000000415,98.67547930897948
457.5000000000415,102.20571196148379
457.6000000000415,120.33207296158427
457.70000000004154,111.03586272347168
457.80000000004156,121.2249884117686
457.9000000000416,140.8311328095914
458.0000000000416,154.34119531620667
458.10000000004163,151.8983620270712
458.20000000004165,136.1116233113971
458.3000000000417,161.30216958812824
458.4000000000417,189.09455737946445
458.5000000000417,180.79212590043696
458.60000000004175,180.19534446569827
458.70000000004177,182.16452453300576
458.8000000000418,193.2739365560849
458.9000000000418,202.60718747139782
459.00000000004184,183.37030545400214
459.10000000004186,195.56591201989642
459.2000000000419,187.30814194522662
459.3000000000419,142.35432898710033
459.4000000000419,144.30650104137595
459.50000000004195,139.97567289741718
459.600000000042,132.17927154383113
459.700000000042,142.33262291073726
459.800000000042,149.00783418815885
459.90000000004204,116.85169079794458
460.00000000004206,110.94535594682172
460.1000000000421,143.18361068530965
460.2000000000421,142.29504743982594
460.30000000004213,144.3043457994143
460.40000000004216,166.50679610784186
460.5000000000422,103.68501297382701
460.6000000000422,202.21826843740007
460.7000000000422,1444.5175384646898
460.80000000004225,1623.124669034176
460.90000000004227,503.5174187805801
461.0000000000423,211.4343066213003
461.1000000000423,155.35416713974666
461.20000000004234,140.48989445183946
461.30000000004236,170.25403260905344
461.4000000000424,153.0736730756749
461.5000000000424,100.51652117723692
461.6000000000424,107.0171170381958
461.70000000004245,140.62062071280067
461.8000000000425,120.47146151631604
461.9000000000425,127.41909885864914
462.0000000000425,154.34421404138968
462.10000000004254,157.31177722082236
462.20000000004256,135.46384952756574
462.3000000000426,146.24213116996856
462.4000000000426,142.62066337709587
462.50000000004263,119.41783195464346
462.60000000004266,112.82740055044205
462.7000000000427,122.57473956880678
462.8000000000427,123.4227017171402
462.9000000000427,122.19997860361492
463.00000000004275,121.09848408717207
463.10000000004277,95.69952972337379
463.2000000000428,106.96151071683242
463.3000000000428,116.64441337356884
463.40000000004284,95.87213302901321
463.50000000004286,111.81245871732455
463.6000000000429,118.29707911994163
463.7000000000429,115.0538482374921
463.8000000000429,113.3407283338106
463.90000000004295,105.19429362104185
464.000000000043,143.0093134818953
464.100000000043,136.42389683872366
464.200000000043,75.76629677933165
464.30000000004304,89.90737725411077
464.40000000004306,128.08986222327653
464.5000000000431,127.26327845557671
464.6000000000431,103.6847796704181
464.70000000004313,112.656342351125
464.80000000004316,118.23655028701135
464.9000000000432,109.22838978478211
465.0000000000432,103.45255866662444
465.1000000000432,106.57673706353475
465.20000000004325,88.60628673435733
465.30000000004327,129.01966046886096
465.4000000000433,165.46475682659417
465.5000000000433,105.20734271428132
465.60000000004334,104.05110233152482
465.70000000004336,109.60225157414452
465.8000000000434,85.19891402141371
465.9000000000434,79.53547380222328
466.0000000000434,122.68384395397688
466.10000000004345,125.74567746039655
466.2000000000435,122.60306330350578
466.3000000000435,155.8902139221697
466.4000000000435,131.42489187900563
466.50000000004354,116.54677829798551
466.60000000004356,137.156078586493
466.7000000000436,151.82454936112006
466.8000000000436,132.03953224303544
466.90000000004363,138.56469220976086
467.00000000004366,153.35798236131924
467.1000000000437,139.1837358225293
467.2000000000437,110.79323958564926
467.3000000000437,89.45386750807158
467.40000000004375,107.39009366041144
467.50000000004377,134.1650699073643
467.6000000000438,109.81900588258516
467.7000000000438,103.72340789789635
467.80000000004384,146.0778530153497
467.90000000004386,173.00080942864258
468.0000000000439,126.34892014708994
468.1000000000439,106.31110255639243
468.20000000004393,113.94439260785143
468.30000000004395,120.94949910911915
468.400000000044,124.37281204547033
468.500000000044,131.63804672571703
468.600000000044,118.48968302762756
468.70000000004404,100.83540000377536
468.80000000004407,111.08585116932544
468.9000000000441,132.73023629359088
469.0000000000441,130.82219212046002
469.10000000004413,121.09101519289241
469.20000000004416,134.21975358886453
469.3000000000442,155.39908279597327
469.4000000000442,141.82156064666842
469.5000000000442,129.1971650396225
469.60000000004425,133.22753962465586
469.70000000004427,109.31630872061595
469.8000000000443,121.25666226174714
469.9000000000443,141.8304361504817
470.00000000004434,125.179411082457
470.10000000004436,95.55363588954766
470.2000000000444,120.03910998095886
470.3000000000444,163.98749150446244
470.40000000004443,167.03450117328998
470.50000000004445,125.37622537356405
470.6000000000445,103.57954949892398
470.7000000000445,116.34139144853741
470.8000000000445,123.93167184103783
470.90000000004454,101.38621596861067
471.00000000004457,97.75133079348129
471.1000000000446,106.40592323110461
471.2000000000446,115.85959569799856
471.30000000004463,121.04413108223805
471.40000000004466,115.88034907518966
471.5000000000447,127.29355752493893
471.6000000000447,126.33520519472184
471.7000000000447,108.06152334821361
471.80000000004475,133.10996679626973
471.90000000004477,155.50086994529735
472.0000000000448,141.3142843128734
472.1000000000448,123.59650116572422
472.20000000004484,150.82859844255591
472.30000000004486,157.10637965487416
472.4000000000449,125.96087807121827
472.5000000000449,110.12314492557884
472.60000000004493,139.5357305966965
472.70000000004495,121.80347096949667
472.800000000045,106.54800205415101
472.900000000045,109.96313754541573
473.000000000045,107.4693157359066
473.10000000004504,141.24622415353744
473.20000000004507,129.9822138275707
473.3000000000451,96.09998470763955
473.4000000000451,108.65601993497714
473.50000000004513,130.23167604718103
473.60000000004516,137.84655524148985
473.7000000000452,118.54138774555663
473.8000000000452,102.66459761428854
473.9000000000452,138.82578393669573
474.00000000004525,149.84126725952342
474.10000000004527,128.851734306596
474.2000000000453,114.65238935734908
474.3000000000453,124.13248063298022
474.40000000004534,136.9855591031523
474.50000000004536,136.50022253720272
474.6000000000454,124.52967143342502
474.7000000000454,109.37438675209697
474.80000000004543,87.49998667972353
474.90000000004545,83.17735762759386
475.0000000000455,93.21635327448394
475.1000000000455,107.66578136752221
475.2000000000455,143.33706815384255
475.30000000004554,138.57083875164162
475.40000000004557,126.69515947883427
475.5000000000456,139.89324945493092
475.6000000000456,117.89407566804435
475.70000000004563,117.08733567307034
475.80000000004566,137.185339088659
475.9000000000457,184.11062702135763
476.0000000000457,259.415002068863
476.1000000000457,195.59014475244535
476.20000000004575,144.9946451901192
476.30000000004577,179.60289349966627
476.4000000000458,179.62826217182212
476.5000000000458,174.0268148045603
476.60000000004584,219.62237197747908
476.70000000004586,246.94526879324115
476.8000000000459,191.47419059469078
476.9000000000459,172.59098059549788
477.00000000004593,167.42706869019256
477.10000000004595,167.7192359161801
477.200000000046,182.292497873728
477.300000000046,187.74726219116397
477.400000000046,192.7866947838115
477.50000000004604,177.2553440649956
477.60000000004607,177.7101399694659
477.7000000000461,246.76852800274813
477.8000000000461,239.88055043350266
477.90000000004613,254.31709924072976
478.00000000004616,308.7991710601042
478.1000000000462,291.8649809983186
478.2000000000462,273.9520752854145
478.3000000000462,332.2433826579136
478.40000000004625,415.93590328086344
478.50000000004627,436.20462718754965
478.6000000000463,438.3879533945452
478.7000000000463,555.0773098732168
478.80000000004634,766.6304938473193
478.90000000004636,854.3408250994477
479.0000000000464,1056.6082893743653
479.1000000000464,3665.512094912031
479.20000000004643,11506.699169057463
479.30000000004645,15970.75087755548
479.4000000000465,6948.072894902427
479.5000000000465,2659.9421289329794
479.6000000000465,2275.875434971878
479.70000000004654,1413.0890025033727
479.80000000004657,1051.58274683154
479.9000000000466,775.7742074583834
480.0000000000466,638.2264284399228
480.10000000004663,578.346921462937
480.20000000004666,468.4984360677646
480.3000000000467,436.8664714327964
480.4000000000467,448.9181086302444
480.5000000000467,464.625962284705
480.60000000004675,458.41554881637103
480.70000000004677,447.1032051397061
480.8000000000468,537.0999579624828
480.9000000000468,346.2909272434283
481.00000000004684,842.1000486216196
481.10000000004686,2460.79740519428
481.2000000000469,1745.4757843789264
481.3000000000469,645.9941242803465
481.40000000004693,414.20123340733517
481.50000000004695,332.1555508313103
481.600000000047,290.64356298821195
481.700000000047,228.86624629381447
481.800000000047,224.11148949800392
481.90000000004704,279.218886602983
482.00000000004707,247.15473054029
482.1000000000471,219.3132064151871
482.2000000000471,195.5811034303669
482.30000000004713,164.44710434960487
482.40000000004716,161.48542347767716
482.5000000000472,178.3454747272414
482.6000000000472,192.03930310635388
482.7000000000472,191.68581313793567
482.80000000004725,188.7861527760722
482.90000000004727,200.8934751200611
483.0000000000473,196.5112894415316
483.1000000000473,168.3551383099879
483.20000000004734,155.9976624265224
483.30000000004736,183.5233025607851
483.4000000000474,149.52313155401467
483.5000000000474,142.95691567715332
483.60000000004743,185.16316477076626
483.70000000004745,176.18520920661115
483.8000000000475,182.54841198585032
483.9000000000475,192.22376663980455
484.0000000000475,186.5354626756248
484.10000000004754,168.9540678104977
484.20000000004757,144.27454354677886
484.3000000000476,167.3818373388046
484.4000000000476,185.62076156303078
484.50000000004763,165.5233207506688
484.60000000004766,178.64722439618728
484.7000000000477,189.6173932046481
484.8000000000477,183.5399648738588
484.9000000000477,172.46366163641596
485.00000000004775,163.70672916553687
485.10000000004777,150.85538155273935
485.2000000000478,177.0681358526413
485.3000000000478,203.94741835726853
485.40000000004784,181.4624212789909
485.50000000004786,170.01969696865316
485.6000000000479,162.5650895287959
485.7000000000479,171.13004465137266
485.80000000004793,185.67027904947182
485.90000000004795,165.49596598955338
486.000000000048,160.90432399310058
486.100000000048,152.10571032252702
486.200000000048,143.59814707352623
486.30000000004804,163.84540629126573
486.40000000004807,160.36369406439192
486.5000000000481,158.97829986666022
486.6000000000481,172.4623043867138
486.70000000004814,185.08838304592854
486.80000000004816,189.1408725799149
486.9000000000482,175.5434922124247
487.0000000000482,167.8298577918536
487.1000000000482,169.17325685357665
487.20000000004825,160.0306704752996
487.30000000004827,180.22729200653262
487.4000000000483,189.41413100839296
487.5000000000483,166.5000525078584
487.60000000004834,148.01561358434247
487.70000000004836,168.44427893486534
487.8000000000484,214.08205040129548
487.9000000000484,210.33096150904112
488.00000000004843,160.88164841372244
488.10000000004845,169.62038231640352
488.2000000000485,148.62394008819825
488.3000000000485,141.3722952386824
488.4000000000485,157.05322081572106
488.50000000004854,146.66967214423426
488.60000000004857,203.8657050086083
488.7000000000486,187.6728751825576
488.8000000000486,122.31169593388616
488.90000000004864,129.84822958057924
489.00000000004866,147.11967203247616
489.1000000000487,163.81569221758713
489.2000000000487,174.98545736046347
489.3000000000487,164.04540162757237
489.40000000004875,131.62169343817402
489.5000000000488,127.94529630378086
489.6000000000488,129.04278395575702
489.7000000000488,117.303720015272
489.80000000004884,120.47754142361279
489.90000000004886,155.6080386243196
490.0000000000489,153.70948891542199
490.1000000000489,231.5782586276753
490.20000000004893,346.24603474984104
490.30000000004895,211.584367088783
490.400000000049,149.90865964752555
490.500000000049,156.27299495017667
490.600000000049,127.67684590281011
490.70000000004904,107.2816030266723
490.80000000004907,134.14786231466496
490.9000000000491,146.97346839222777
491.0000000000491,142.79357900521188
491.10000000004914,157.33679961848253
491.20000000004916,169.82067268713703
491.3000000000492,156.0645192180034
491.4000000000492,141.17710132845437
491.5000000000492,128.22319095910004
491.60000000004925,99.9506221785599
491.7000000000493,114.73055409912493
491.8000000000493,115.17142449994176
491.9000000000493,141.34293497132418
492.00000000004934,212.7627918412862
492.10000000004936,166.83902473961012
492.2000000000494,154.69369769222726
492.3000000000494,153.614130729063
492.40000000004943,127.45696630748056
492.50000000004945,150.89247485380386
492.6000000000495,111.25937855126014
492.7000000000495,107.09968725383793
492.8000000000495,150.38052061115923
492.90000000004954,144.87216558764052
493.00000000004957,127.08697304120842
493.1000000000496,126.40469044352089
493.2000000000496,155.15833535587603
493.30000000004964,277.99576216778905
493.40000000004966,466.7817355147981
493.5000000000497,286.9992131704108
493.6000000000497,135.5936063689609
493.7000000000497,169.92791348127815
493.80000000004975,125.47669648219549
493.9000000000498,151.6532801943867
494.0000000000498,197.90315788058427
494.1000000000498,174.96569980059286
494.20000000004984,129.16434752954032
494.30000000004986,174.9894248711157
494.4000000000499,178.10789263865277
494.5000000000499,182.62439841882247
494.60000000004993,219.88229416581885
494.70000000004995,231.6148235018279
494.80000000005,234.19854973591205
494.90000000005,222.33804378231417
495.00000000005,204.99537945599184
495.10000000005004,200.15154216052625
495.20000000005007,203.5362338214609
495.3000000000501,186.17807948319162
495.4000000000501,163.8799593399083
495.50000000005014,156.84058900383326
495.60000000005016,182.33646856622116
495.7000000000502,257.42122109052076
495.8000000000502,213.3105671288318
495.9000000000502,118.89080952960313
496.00000000005025,119.41413524259438
496.1000000000503,150.43226689836587
496.2000000000503,160.05499368977823
496.3000000000503,124.02676220878534
496.40000000005034,109.82905195065506
496.50000000005036,163.91437093076553
496.6000000000504,145.1762379255871
496.7000000000504,135.9935869873468
496.80000000005043,145.09680214586257
496.90000000005045,118.90909894683206
497.0000000000505,86.88773792633421
497.1000000000505,92.41893577386591
497.2000000000505,118.75568815558714
497.30000000005055,139.47525571499622
497.40000000005057,136.59249206289172
497.5000000000506,90.14928002146777
497.6000000000506,98.38860364532835
497.70000000005064,130.01953039164837
497.80000000005066,107.23742131292857
497.9000000000507,72.56963920189808
498.0000000000507,107.1593239466152
498.1000000000507,223.4296447835313
498.20000000005075,269.68389620746666
498.3000000000508,154.2786205738821
498.4000000000508,115.13985246944378
498.5000000000508,104.26868229465187
498.60000000005084,99.81374109539874
498.70000000005086,120.67922814639073
498.8000000000509,124.80547286909037
498.9000000000509,102.9231196967764
499.00000000005093,182.7379515074111
499.10000000005095,241.0146944353474
499.200000000051,128.20370505279888
499.300000000051,125.24363371060413
499.400000000051,113.65163229957363
499.50000000005105,95.07772048187992
499.60000000005107,113.54631638730203
499.7000000000511,108.69296478274954
499.8000000000511,144.88401978867128
499.90000000005114,168.74528069107217
500.00000000005116,137.38202953661914
500.1000000000512,98.1333581222466
500.2000000000512,111.90363930212538
500.3000000000512,98.97079508579992
500.40000000005125,95.77055012523542
500.5000000000513,115.76555879589264
500.6000000000513,108.14109304712252
500.7000000000513,167.65640883425715
500.80000000005134,158.25692864045044
500.90000000005136,99.57070661243334
501.0000000000514,103.27684317206929
501.1000000000514,105.23032052137978
501.20000000005143,89.5828657090354
501.30000000005145,121.45562759406505
501.4000000000515,163.211871141662
501.5000000000515,123.58207960016536
501.6000000000515,108.41767996464588
501.70000000005155,103.69807113105371
501.80000000005157,107.90538114821527
501.9000000000516,125.54865738238915
502.0000000000516,120.3358551441081
502.10000000005164,111.31158418620475
502.20000000005166,104.48942818307802
502.3000000000517,99.06105400938172
502.4000000000517,94.3637084397496
502.5000000000517,88.53017960218537
502.60000000005175,110.12601023598991
502.7000000000518,106.57681363822577
502.8000000000518,73.81919083261423
502.9000000000518,92.23419589167452
503.00000000005184,104.61580409826323
503.10000000005186,101.17929695367023
503.2000000000519,93.74251383549289
503.3000000000519,86.95037900981384
503.40000000005193,84.10299344515377
503.50000000005195,86.47998077864072
503.600000000052,108.01298142063084
503.700000000052,124.30173443310973
503.800000000052,104.35199584130355
503.90000000005205,105.83400566884683
504.00000000005207,113.81649523754406
504.1000000000521,115.41535894315614
504.2000000000521,115.97644033553343
504.30000000005214,116.87536305860242
504.40000000005216,124.42022067268039
504.5000000000522,116.2929882980341
504.6000000000522,110.1566470690496
504.7000000000522,126.86071279338297
504.80000000005225,116.7851522602677
504.9000000000523,118.11371162246168
505.0000000000523,121.7256350768378
505.1000000000523,113.33928021911413
505.20000000005234,112.5095369132528
505.30000000005236,105.10122025327296
505.4000000000524,108.7101341551609
505.5000000000524,115.33001372730727
505.60000000005243,125.37753753722632
505.70000000005246,165.9342744809504
505.8000000000525,154.43685388034874
505.9000000000525,127.47019729679513
506.0000000000525,111.84144415114403
506.10000000005255,87.55051433790955
506.20000000005257,111.52532154782111
506.3000000000526,259.3569697621094
506.4000000000526,619.0885643311069
506.50000000005264,741.937439258938
506.60000000005266,173.70172604422257
506.7000000000527,74.3957543662404
506.8000000000527,124.1933734071421
506.9000000000527,82.1855734719921
507.00000000005275,120.7109988729261
507.1000000000528,108.91087516909984
507.2000000000528,109.59156506615949
507.3000000000528,128.21380615626333
507.40000000005284,116.88345378840438
507.50000000005286,78.85812550546588
507.6000000000529,92.83259684577133
507.7000000000529,118.33343416820415
507.80000000005293,133.97998027566774
507.90000000005296,143.44162802152672
508.000000000053,134.48445004915268
508.100000000053,107.18824214947902
508.200000000053,125.47742939715621
508.30000000005305,148.65274994008303
508.40000000005307,115.37122569134544
508.5000000000531,93.15351745020438
508.6000000000531,124.64444707093843
508.70000000005314,192.10141229822815
508.80000000005316,219.27312358257223
508.9000000000532,165.59481267285867
509.0000000000532,121.561569502916
509.1000000000532,136.8535621707236
509.20000000005325,132.78821246605304
509.3000000000533,87.8135819451708
509.4000000000533,88.21609478993791
509.5000000000533,101.20204123421738
509.60000000005334,99.94580392461975
509.70000000005336,92.09024333671869
509.8000000000534,85.13474336609389
509.9000000000534,76.34563421911831
510.00000000005343,106.18067670504136
510.10000000005346,111.29386582455658
510.2000000000535,105.33453236268815
510.3000000000535,134.91311087365264
510.4000000000535,123.80556666927409
510.50000000005355,136.38929278993575
510.60000000005357,162.82248144335242
510.7000000000536,203.1108564782962
510.8000000000536,255.07867452525215
510.90000000005364,184.9041429921617
511.00000000005366,159.3005707000819
511.1000000000537,162.61358699740936
511.2000000000537,134.68261630307572
511.3000000000537,154.07886914709277
511.40000000005375,135.7448289736064
511.5000000000538,127.1771533043946
511.6000000000538,124.11081609561722
511.7000000000538,105.27668067766894
511.80000000005384,130.85089609939195
511.90000000005386,115.07717106244671
512.0000000000539,112.07799030422461
512.1000000000539,132.10025192830088
512.2000000000539,129.61304285290632
512.300000000054,164.21100436364117
512.400000000054,170.22279511100152
512.500000000054,154.43974464428723
512.600000000054,147.8825652214771
512.700000000054,152.61221072501448
512.8000000000541,189.13600751707295
512.9000000000541,170.47248332802866
513.0000000000541,131.03162427429174
513.1000000000541,138.01337729252668
513.2000000000542,155.48909006576852
513.3000000000542,157.68569325825746
513.4000000000542,159.68080676315765
513.5000000000542,177.4344646739412
513.6000000000543,188.36459504555563
513.7000000000543,182.0610749241984
513.8000000000543,291.2483156618832
513.9000000000543,356.19255598258457
514.0000000000543,367.2413560354779
514.1000000000544,457.5085367911518
514.2000000000544,495.72092277064314
514.3000000000544,389.8836886638088
514.4000000000544,316.31296135032596
514.5000000000545,299.0528410319365
514.6000000000545,364.6860827126033
514.7000000000545,901.2031841541816
514.8000000000545,864.6884086869868
514.9000000000545,465.3132656833562
515.0000000000546,320.7619908359673
515.1000000000546,248.30190984535375
515.2000000000546,220.18525685520476
515.3000000000546,204.06564098962832
515.4000000000547,167.4395255436472
515.5000000000547,131.89740449469403
515.6000000000547,141.70571012995003
515.7000000000547,134.45418581977046
515.8000000000548,118.14857403431063
515.9000000000548,130.28643260760904
516.0000000000548,150.682260922545
516.1000000000548,122.14692685569761
516.2000000000548,126.38811051578517
516.3000000000549,145.01441688301344
516.4000000000549,131.9954798051638
516.5000000000549,115.01085810901475
516.6000000000549,149.66079164838146
516.700000000055,130.04686174462782
516.800000000055,116.65490411464768
516.900000000055,143.9284369493717
517.000000000055,135.27266707915456
517.100000000055,105.17686356127665
517.2000000000551,130.2734259671462
517.3000000000551,143.08641505282577
517.4000000000551,117.46926979613339
517.5000000000551,128.36067094064114
517.6000000000552,123.11968141660338
517.7000000000552,118.61043879731605
517.8000000000552,99.91023382449289
517.9000000000552,71.56450544942619
518.0000000000553,79.80852264935976
518.1000000000553,87.03433676573268
518.2000000000553,133.0819363589062
518.3000000000553,156.64613096525363
518.4000000000553,113.17235313142277
518.5000000000554,102.51295712861234
518.6000000000554,137.41517702843737
518.7000000000554,140.65442785080788
518.8000000000554,133.48897804035727
518.9000000000555,142.68269596690334
519.0000000000555,101.40645566359987
519.1000000000555,120.20957595940374
519.2000000000555,144.37897568954992
519.3000000000555,129.2093092318704
519.4000000000556,107.3215377968103
519.5000000000556,95.51547862547196
519.6000000000556,127.35344537603163
519.7000000000556,128.07570177086285
519.8000000000557,96.16000697538782
519.9000000000557,104.00866168346317
520.0000000000557,120.55620101387916
520.1000000000557,92.41156425763064
520.2000000000558,99.60855608452509
520.3000000000558,136.79327904226932
520.4000000000558,121.34651657219024
520.5000000000558,123.15255875560628
520.6000000000558,130.86529304710052
520.7000000000559,209.61956368658787
520.8000000000559,361.3243018775752
520.9000000000559,424.25103219849603
521.0000000000559,270.1779156431593
521.100000000056,166.83518625874981
521.200000000056,141.7549875749687
521.300000000056,124.43758615948397
521.400000000056,128.9312745310282
521.500000000056,83.37436448544669
521.6000000000561,120.27886100545673
521.7000000000561,126.44756680350382
521.8000000000561,73.73796880397191
521.9000000000561,136.8928004445516
522.0000000000562,145.71655727510188
522.1000000000562,114.13494502202543
522.2000000000562,93.71861907664115
522.3000000000562,116.53583778448122
522.4000000000563,179.02582033708435
522.5000000000563,180.6568000271463
522.6000000000563,180.6481768466054
522.7000000000563,188.9201770837786
522.8000000000563,271.92869492089676
522.9000000000564,1402.007079408071
523.0000000000564,4959.530898056517
523.1000000000564,4250.287657829045
523.2000000000564,1162.504866964726
523.3000000000565,597.4214325022376
523.4000000000565,343.1969975506806
523.5000000000565,217.1785954531662
523.6000000000565,205.2345156995736
523.7000000000565,190.5236842178454
523.8000000000566,150.4544493807804
523.9000000000566,146.6094621148784
524.0000000000566,144.87427588825545
524.1000000000566,144.7468338952628
524.2000000000567,129.76253828007611
524.3000000000567,111.7076951143321
524.4000000000567,141.11156637673287
524.5000000000567,147.08695987056166
524.6000000000568,138.63329786024505
524.7000000000568,128.25124780940732
524.8000000000568,114.18204984605264
524.9000000000568,109.79257509089068
525.0000000000568,103.58017737808385
525.1000000000569,111.33428673826295
525.2000000000569,120.75882327182275
525.3000000000569,114.45089613614172
525.4000000000569,108.60817830641732
525.500000000057,95.14557123447211
525.600000000057,89.3331962176441
525.700000000057,134.48109726722515
525.800000000057,182.11431106108296
525.900000000057,128.22683113189734
526.0000000000571,178.01399997887663
526.1000000000571,478.19306808193784
526.2000000000571,590.303367465079
526.3000000000571,331.867490681183
526.4000000000572,289.9056489522361
526.5000000000572,263.7797347838782
526.6000000000572,215.41251916009992
526.7000000000572,168.3365746283572
526.8000000000573,145.89182439602135
526.9000000000573,192.34284152862355
527.0000000000573,174.7868930265184
527.1000000000573,138.97681964442577
527.2000000000573,141.93163469633012
527.3000000000574,139.67556961759288
527.4000000000574,93.71103980885886
527.5000000000574,118.94791674585538
527.6000000000574,102.32076481755277
527.7000000000575,69.62145941783078
527.8000000000575,89.66810055757462
527.9000000000575,75.7360954828426
528.0000000000575,79.07665555043596
528.1000000000575,105.02603438499207
528.2000000000576,110.37478964869354
528.3000000000576,91.89001508989965
528.4000000000576,93.1795634334333
528.5000000000576,86.64749935747649
528.6000000000577,102.17108230384419
528.7000000000577,114.35856065809637
528.8000000000577,92.6010042137895
528.9000000000577,76.9123271447773
529.0000000000578,88.53595450894959
529.1000000000578,89.43255641831546
529.2000000000578,98.605959487216
529.3000000000578,121.12348203318253
529.4000000000578,118.21583984089604
529.5000000000579,139.2861787339324
529.6000000000579,130.8113357902727
529.7000000000579,99.71877445657361
529.8000000000579,87.2616702771208
529.900000000058,95.45266763710457
530.000000000058,126.17088364517343
530.100000000058,162.6526091078621
530.200000000058,133.5714424548917
530.300000000058,108.58768328400545
530.4000000000581,185.342801000437
530.5000000000581,157.4272401835912
530.6000000000581,163.22874561398436
530.7000000000581,179.29792496708737
530.8000000000582,157.059326680421
530.9000000000582,171.98397731050733
531.0000000000582,211.01626614370656
531.1000000000582,175.5877401037689
531.2000000000583,150.6404587134397
531.3000000000583,173.32872211286957
531.4000000000583,169.9885451962045
531.5000000000583,162.8777982857437
531.6000000000583,141.51989237957886
531.7000000000584,148.7714441618217
531.8000000000584,163.69803989343617
531.9000000000584,131.743200602366
532.0000000000584,110.05854954160415
532.1000000000585,152.18591784028777
532.2000000000585,142.36852041509505
532.3000000000585,96.29268679983429
532.4000000000585,103.31809650734958
532.5000000000585,97.78250420008078
532.6000000000586,101.66552418532075
532.7000000000586,113.95247755853929
532.8000000000586,110.88464864502417
532.9000000000586,105.3228083196699
533.0000000000587,130.257920599922
533.1000000000587,117.72387408738088
533.2000000000587,70.13939392650389
533.3000000000587,71.78061044716591
533.4000000000588,110.85157044809424
533.5000000000588,81.00910651192453
533.6000000000588,72.06556106852217
533.7000000000588,76.26751825563554
533.8000000000588,90.81537313747673
533.9000000000589,95.60109636874405
534.0000000000589,63.91216599170265
534.1000000000589,75.54483292818973
534.2000000000589,98.50402191228615
534.300000000059,98.550711664219
534.400000000059,75.66018072875983
534.500000000059,58.8781955582805
534.600000000059,85.79885652027164
534.700000000059,102.2345406741202
534.8000000000591,116.77301486875874
534.9000000000591,121.6783037785954
535.0000000000591,94.31388523926842
535.1000000000591,82.75074444148177
535.2000000000592,81.71119689602104
535.3000000000592,96.43179967340947
535.4000000000592,94.5842029181235
535.5000000000592,75.56047197533763
535.6000000000593,104.88475135057817
535.7000000000593,100.34792277474305
535.8000000000593,85.99139857337734
535.9000000000593,94.08251367546637
536.0000000000593,98.45624832247778
536.1000000000594,80.1884787165263
536.2000000000594,93.43933864578399
536.3000000000594,71.3227778927504
536.4000000000594,81.47746213273147
536.5000000000595,131.91459132040816
536.6000000000595,112.66542960992793
536.7000000000595,118.19355002310778
536.8000000000595,95.52076428762828
536.9000000000595,100.29375582729446
537.0000000000596,121.31448560508055
537.1000000000596,91.98610989562697
537.2000000000596,122.29068612016425
537.3000000000596,132.80069534323724
537.4000000000597,101.00310770888424
537.5000000000597,77.57260464449871
537.6000000000597,85.50932557252298
537.7000000000597,87.88386514728798
537.8000000000598,92.42132292412279
537.9000000000598,113.35723692779608
538.0000000000598,108.90618858512627
538.1000000000598,82.83000158364413
538.2000000000598,106.64816715550256
538.3000000000599,109.27076714315177
538.4000000000599,89.31421463061425
538.5000000000599,101.58272429168608
538.6000000000599,117.94185451305394
538.70000000006,82.5588074891082
538.80000000006,102.57887786782968
538.90000000006,117.7602915833167
539.00000000006,102.02703200305362
539.10000000006,85.69297804377527
539.2000000000601,98.86275237284214
539.3000000000601,133.44053570005482
539.4000000000601,104.45641321001396
539.5000000000601,80.28638904758733
539.6000000000602,95.7241086959576
539.7000000000602,102.5742382318292
539.8000000000602,91.793506999913
539.9000000000602,94.28113930316454
540.0000000000603,95.60275795561186
540.1000000000603,111.81267521997962
540.2000000000603,112.42653818674374
540.3000000000603,64.90507871433765
540.4000000000603,113.44198208088667
540.5000000000604,101.13194115446598
540.6000000000604,108.87508173364697
540.7000000000604,155.8850828698017
540.8000000000604,119.5052409698709
540.9000000000605,109.95283945237034
541.0000000000605,118.59187202065829
541.1000000000605,92.29061790546552
541.2000000000605,89.46766137524112
541.3000000000605,145.6246684259075
541.4000000000606,145.95802538944275
541.5000000000606,112.57449336273304
541.6000000000606,116.06720840547949
541.7000000000606,125.35645794305738
541.8000000000607,118.23758260911146
541.9000000000607,127.76839369284285
542.0000000000607,95.46872197248162
542.1000000000607,115.3880011041594
542.2000000000608,149.97726800122967
542.3000000000608,157.5807401198169
542.4000000000608,158.384810275536
542.5000000000608,122.20286496374833
542.6000000000608,109.27850147869214
542.7000000000609,126.44235736741553
542.8000000000609,113.40863460551016
542.9000000000609,78.44300624272437
543.0000000000609,101.29438352405217
543.100000000061,94.79228411640437
543.200000000061,91.53221448033905
543.300000000061,107.28769587304366
543.400000000061,118.11590190016301
543.500000000061,120.87951532461994
543.6000000000611,126.91967096169314
543.7000000000611,105.33773702367785
543.8000000000611,78.31361639569165
543.9000000000611,86.30811172116537
544.0000000000612,104.33204875359124
544.1000000000612,80.10511103317542
544.2000000000612,109.17348270991948
544.3000000000612,113.61871587349914
544.4000000000613,104.81996300188877
544.5000000000613,128.13315857693206
544.6000000000613,126.21234867569201
544.7000000000613,100.67091949646672
544.8000000000613,121.48654790568796
544.9000000000614,133.75400388081198
545.0000000000614,109.24001801547156
545.1000000000614,102.12867256111886
545.2000000000614,112.36866697012123
545.3000000000615,125.45168503029578
545.4000000000615,127.01818012204139
545.5000000000615,120.95825817552635
545.6000000000615,121.98852714772538
545.7000000000616,131.51002743559704
545.8000000000616,136.33134493421457
545.9000000000616,167.98210765032752
546.0000000000616,263.97460396807463
546.1000000000616,331.43197826847495
546.2000000000617,266.67265881022104
546.3000000000617,226.32986951626836
546.4000000000617,414.4381465585409
546.5000000000617,657.1567642398714
546.6000000000618,543.349080356764
546.7000000000618,194.31430202406273
546.8000000000618,178.9790743345887
546.9000000000618,137.38631975948675
547.0000000000618,167.58541834686164
547.1000000000619,192.93698165250456
547.2000000000619,135.883818668886
547.3000000000619,120.20924141961032
547.4000000000619,138.75749696790675
547.500000000062,126.39136160894475
547.600000000062,108.47255890696417
547.700000000062,109.79964030488595
547.800000000062,112.64657768675035
547.900000000062,111.10568730024394
548.0000000000621,130.82097012762915
548.1000000000621,130.7305185816789
548.2000000000621,113.13632339228943
548.3000000000621,109.16359576241261
548.4000000000622,114.89522195910132
548.5000000000622,104.63230851501993
548.6000000000622,110.47592076210339
548.7000000000622,100.13304215415248
548.8000000000623,80.90525488273893
548.9000000000623,100.04999459562616
549.0000000000623,138.49092742084275
549.1000000000623,113.61571152594081
549.2000000000623,97.37430938488998
549.3000000000624,104.78916347474038
549.4000000000624,108.12567646985963
549.5000000000624,97.87386877797616
549.6000000000624,82.92374115048636
549.7000000000625,125.94758699429926
549.8000000000625,123.46466115264606
549.9000000000625,118.24538345130995
550.0000000000625,149.63693182979404
550.1000000000626,123.86152085283157
550.2000000000626,121.08890004603691
550.3000000000626,117.65383327089567
550.4000000000626,109.89436381391373
550.5000000000626,109.45852150722799
550.6000000000627,115.96543249941364
550.7000000000627,117.32150862179635
550.8000000000627,77.0923232915083
550.9000000000627,96.4645577495521
551.0000000000628,130.3542824803096
551.1000000000628,123.41876895015804
551.2000000000628,128.00362676477178
551.3000000000628,124.96147588135355
551.4000000000628,127.9322281756742
551.5000000000629,103.99982968213152
551.6000000000629,99.17038619283993
551.7000000000629,154.83091177055303
551.8000000000629,196.91733975188478
551.900000000063,211.23055470238003
552.000000000063,212.94556548292945
552.100000000063,227.7570003287395
552.200000000063,209.0099606641497
552.300000000063,130.2649451660571
552.4000000000631,106.55959890163709
552.5000000000631,133.7350054875471
552.6000000000631,119.47643695964578
552.7000000000631,121.9710170830842
552.8000000000632,138.94164090692666
552.9000000000632,92.87948065838943
553.0000000000632,152.41807876348724
553.1000000000632,134.61263199522188
553.2000000000633,119.64553887968961
553.3000000000633,142.8877152022989
553.4000000000633,133.073240800545
553.5000000000633,133.05498267683632
553.6000000000633,127.58775867131048
553.7000000000634,119.78108358328016
553.8000000000634,115.38659744331923
553.9000000000634,117.37301478694293
554.0000000000634,116.20405626402834
554.1000000000635,98.07292118130559
554.2000000000635,106.37686051158887
554.3000000000635,118.77468920247993
554.4000000000635,101.3739026057729
554.5000000000636,96.53149009745596
554.6000000000636,136.981022181817
554.7000000000636,117.16879391068906
554.8000000000636,90.89357283595133
554.9000000000636,128.10642761802427
555.0000000000637,190.62528921281447
555.1000000000637,194.22389717614783
555.2000000000637,145.09453447629954
555.3000000000637,140.411304255379
555.4000000000638,170.86823800563155
555.5000000000638,200.0599550032669
555.6000000000638,196.8835494507488
555.7000000000638,159.05880358143446
555.8000000000638,146.35996059304054
555.9000000000639,220.36513862566147
556.0000000000639,236.26443753348985
556.1000000000639,224.48746140958252
556.2000000000639,230.22976575499803
556.300000000064,193.96327799077605
556.400000000064,164.17795779649393
556.500000000064,189.512468800062
556.600000000064,163.77596468562732
556.700000000064,127.93453034013092
556.8000000000641,148.71637427767993
556.9000000000641,152.02176509450317
557.0000000000641,125.79738368239593
557.1000000000641,149.11274509184167
557.2000000000642,174.57261858823614
557.3000000000642,177.6263295673149
557.4000000000642,197.26986265831312
557.5000000000642,230.2197951390325
557.6000000000643,231.5474251423782
557.7000000000643,232.0494383277973
557.8000000000643,183.7207737899486
557.9000000000643,141.92557480609617
558.0000000000643,162.77237585773034
558.1000000000644,155.21959232684173
558.2000000000644,180.14030498487588
558.3000000000644,146.31592025565868
558.4000000000644,126.18863806836973
558.5000000000645,157.38127725904286
558.6000000000645,143.78187819858613
558.7000000000645,128.5155533074661
558.8000000000645,305.3730033014534
558.9000000000646,308.1829278906651
559.0000000000646,223.35624095902804
559.1000000000646,198.45795543424458
559.2000000000646,140.8730329263492
559.3000000000646,172.959076853018
559.4000000000647,215.0279353271069
559.5000000000647,206.10755073610187
559.6000000000647,147.03224573587616
559.7000000000647,132.11413044523158
559.8000000000648,196.9957843579142
559.9000000000648,172.42231805091612
560.0000000000648,126.687957259094
560.1000000000648,126.78422659394884
560.2000000000648,153.60564300867887
560.3000000000649,158.8418151252355
560.4000000000649,138.85209860662616
560.5000000000649,136.6729404356217
560.6000000000649,152.1779725868829
560.700000000065,148.80289721178653
560.800000000065,133.22636286992906
560.900000000065,131.64233344776542
561.000000000065,129.14985624519576
561.100000000065,101.98111423813135
561.2000000000651,90.1973418314279
561.3000000000651,90.09829731539779
561.4000000000651,112.62174185949027
561.5000000000651,139.76328560077692
561.6000000000652,134.60332290043812
561.7000000000652,164.0068008184633
561.8000000000652,113.2375297995667
561.9000000000652,98.07467505292878
562.0000000000653,113.65083012719613
562.1000000000653,93.10185864524729
562.2000000000653,111.79776373271288
562.3000000000653,100.68260382386525
562.4000000000653,114.7568841253553
562.5000000000654,105.62805428394539
562.6000000000654,86.15893671854656
562.7000000000654,111.09687432243474
562.8000000000654,134.64352259578
562.9000000000655,128.50036459963349
563.0000000000655,107.2116606872127
563.1000000000655,83.22214934492592
563.2000000000655,108.5255301048171
563.3000000000656,153.42698303520731
563.4000000000656,111.81443465543346
563.5000000000656,95.3792981708433
563.6000000000656,128.19177854278965
563.7000000000656,141.4023591985688
563.8000000000657,129.0045732819891
563.9000000000657,144.3862873817082
564.0000000000657,202.98066157015234
564.1000000000657,272.9847644341138
564.2000000000658,243.4259491404506
564.3000000000658,209.11136755940245
564.4000000000658,205.94930943282336
564.5000000000658,187.88618438846174
564.6000000000658,188.65261386543727
564.7000000000659,194.8205878292796
564.8000000000659,154.8211654999447
564.9000000000659,153.80365847730226
565.0000000000659,161.09180576672222
565.100000000066,131.4380375057404
565.200000000066,158.0911273872776
565.300000000066,198.26763803519265
565.400000000066,283.16321785589
565.500000000066,1022.0810209716711
565.6000000000661,1371.2768592808013
565.7000000000661,698.5376314249795
565.8000000000661,347.0392952278327
565.9000000000661,240.89186535243135
566.0000000000662,207.49243557640196
566.1000000000662,177.93910226079922
566.2000000000662,137.86388036553726
566.3000000000662,112.39709290571595
566.4000000000663,123.2011773686907
566.5000000000663,133.60564068964734
566.6000000000663,136.61995352327548
566.7000000000663,107.30358279487635
566.8000000000663,102.79373057277894
566.9000000000664,116.70343669878741
567.0000000000664,85.57992972886755
567.1000000000664,104.4764542944401
567.2000000000664,123.10211705269914
567.3000000000665,124.56543661013102
567.4000000000665,116.05533616078075
567.5000000000665,94.89475051982262
567.6000000000665,78.34151864529827
567.7000000000666,102.7357255628117
567.8000000000666,114.35180057154676
567.9000000000666,101.69843549030651
568.0000000000666,100.73187881338491
568.1000000000666,121.3198077459949
568.2000000000667,136.85436958825477
568.3000000000667,130.51749929475574
568.4000000000667,99.05587715929171
568.5000000000667,116.25719345426965
568.6000000000668,112.13541887575093
568.7000000000668,101.32524577093143
568.8000000000668,138.36257039855911
568.9000000000668,127.93208608342388
569.0000000000668,120.6010461984063
569.1000000000669,118.42067682588417
569.2000000000669,128.74237486971322
569.3000000000669,109.18227236735328
569.4000000000669,80.0432947469958
569.500000000067,119.683476073029
569.600000000067,102.01606403412194
569.700000000067,92.25450680144723
569.800000000067,134.49216857129878
569.900000000067,135.0998142199768
570.0000000000671,103.64189828528173
570.1000000000671,135.10076642465282
570.2000000000671,101.58186780202429
570.3000000000671,91.98759390790683
570.4000000000672,105.73561528976975
570.5000000000672,107.48764506045879
570.6000000000672,102.65779433304962
570.7000000000672,103.9062190664304
570.8000000000673,102.45671990983361
570.9000000000673,114.87472388050938
571.0000000000673,129.57590778814594
571.1000000000673,132.80215526785247
571.2000000000673,122.44783174720146
571.3000000000674,110.1050481981553
571.4000000000674,112.48723575274121
571.5000000000674,123.21711981311385
571.6000000000674,124.72549822501242
571.7000000000675,114.106468641015
571.8000000000675,116.66998064985404
571.9000000000675,118.34990717660895
572.0000000000675,110.1429957876637
572.1000000000676,186.5053440745092
572.2000000000676,181.27479236443068
572.3000000000676,111.65197356006345
572.4000000000676,104.56372295278314
572.5000000000676,190.38020818183642
572.6000000000677,303.62988460345355
572.7000000000677,379.8836053286141
572.8000000000677,321.30686079043613
572.9000000000677,259.53101647960574
573.0000000000678,170.53656098019385
573.1000000000678,106.201342918716
573.2000000000678,146.9106921406314
573.3000000000678,135.01430307081313
573.4000000000678,98.66792677319845
573.5000000000679,130.94681532292228
573.6000000000679,126.91173702409476
573.7000000000679,85.13580382636596
573.8000000000679,89.13805103125391
573.900000000068,95.67993014218155
574.000000000068,76.08035182834487
574.100000000068,119.59213301512777
574.200000000068,130.52240862431043
574.300000000068,103.67114051761881
574.4000000000681,114.27532793339095
574.5000000000681,137.60411078862862
574.6000000000681,111.48731031961074
574.7000000000681,109.94679319931456
574.8000000000682,82.32110163110457
574.9000000000682,95.16080023509882
575.0000000000682,122.9360874891188
575.1000000000682,94.97675094522862
575.2000000000683,86.97392571807207
575.3000000000683,107.08586037747858
575.4000000000683,98.58708460141564
575.5000000000683,65.31581247656182
575.6000000000683,61.462714666433165
575.7000000000684,90.1282706453088
575.8000000000684,110.63588614312029
575.9000000000684,124.02842681124926
576.0000000000684,114.98534402817495
576.1000000000685,123.85247496471024
576.2000000000685,137.38066918693977
576.3000000000685,93.60429192135476
576.4000000000685,53.564931872091535
576.5000000000686,121.70107216121477
576.6000000000686,131.91391788132722
576.7000000000686,125.83987331672374
576.8000000000686,105.4560835641314
576.9000000000686,121.82392736401268
577.0000000000687,136.1843871866949
577.1000000000687,78.73980056715205
577.2000000000687,86.06774342981281
577.3000000000687,114.9949449324396
577.4000000000688,98.3727816791388
577.5000000000688,90.4351411819259
577.6000000000688,105.67669126185494
577.7000000000688,89.49263481186193
577.8000000000688,58.952192359046194
577.9000000000689,86.62028314758149
578.0000000000689,125.8025681386825
578.1000000000689,151.58576619869174
578.2000000000689,185.45704375065554
578.300000000069,179.66684906861448
578.400000000069,104.33798841899812
578.500000000069,81.6895449747729
578.600000000069,124.14021274658708
578.700000000069,128.47212414898655
578.8000000000691,93.90421533277784
578.9000000000691,82.75153114851598
579.0000000000691,121.18256537349458
579.1000000000691,149.97652019217216
579.2000000000692,91.47169951667126
579.3000000000692,74.14538145466376
579.4000000000692,76.03939319782046
579.5000000000692,83.91147786331376
579.6000000000693,116.89480348562704
579.7000000000693,136.23878183758762
579.8000000000693,93.58051864550389
579.9000000000693,55.56169666417462
580.0000000000693,57.88530961725066
580.1000000000694,60.50062254472898
580.2000000000694,91.35803189145696
580.3000000000694,117.54641079361217
580.4000000000694,82.55319032835341
580.5000000000695,86.10083429820959
580.6000000000695,92.86502642253222
580.7000000000695,78.04212733053674
580.8000000000695,83.25205005777282
580.9000000000696,89.80250825525094
581.0000000000696,81.51400131783136
581.1000000000696,83.00494913588675
581.2000000000696,63.40535463466535
581.3000000000696,104.21638727321383
581.4000000000697,81.01848623207897
581.5000000000697,96.47612559002023
581.6000000000697,135.4725322424818
581.7000000000697,114.48645713562688
581.8000000000698,139.17606961601405
581.9000000000698,127.94463808083263
582.0000000000698,126.39028219742508
582.1000000000698,113.19783363772599
582.2000000000698,127.70066026246022
582.3000000000699,140.9534337315914
582.4000000000699,114.54312153762574
582.5000000000699,134.72803751722256
582.6000000000699,130.04030281392738
582.70000000007,134.73063386326
582.80000000007,133.61647538377156
582.90000000007,134.16353373578826
583.00000000007,137.29495669575343
583.10000000007,139.95827768165702
583.2000000000701,168.1960673859781
583.3000000000701,160.42455548133006
583.4000000000701,277.0634861237902
583.5000000000701,71.8171811896525
583.6000000000702,1604.4171834006231
583.7000000000702,3915.1835077700057
583.8000000000702,3094.0581836502115
583.9000000000702,1242.0194056560902
584.0000000000703,557.1296088442712
584.1000000000703,454.959254226879
584.2000000000703,303.51469474400267
584.3000000000703,207.43293157667426
584.4000000000703,212.67225684890266
584.5000000000704,158.48867761260246
584.6000000000704,158.97559481617986
584.7000000000704,155.33818771045992
584.8000000000704,119.97649506269704
584.9000000000705,131.54123151764912
585.0000000000705,165.44395469321864
585.1000000000705,158.112099725758
585.2000000000705,168.6329062885322
585.3000000000706,224.17355319274944
585.4000000000706,208.96261166384141
585.5000000000706,180.6355692488071
585.6000000000706,185.09324103727425
585.7000000000706,196.64247023302087
585.8000000000707,196.9433199240531
585.9000000000707,184.31158360524802
586.0000000000707,141.12477091582957
586.1000000000707,192.921884649081
586.2000000000708,676.0602037731453
586.3000000000708,876.8732157461412
586.4000000000708,547.2936129990183
586.5000000000708,266.9040610892735
586.6000000000708,199.09403308595626
586.7000000000709,134.1740679044412
586.8000000000709,138.22332372888948
586.9000000000709,167.35447745480067
587.0000000000709,155.89870558180021
587.100000000071,115.2798156800018
587.200000000071,98.81716529001137
587.300000000071,123.81932689057624
587.400000000071,143.27751755264455
587.500000000071,127.77650815001016
587.6000000000711,139.78875785400007
587.7000000000711,152.21034996747986
587.8000000000711,125.64929243381671
587.9000000000711,116.25621099373981
588.0000000000712,168.73390319519726
588.1000000000712,197.17426924543372
588.2000000000712,181.7140536995421
588.3000000000712,199.08745961085177
588.4000000000713,195.0188960426794
588.5000000000713,182.43771452694767
588.6000000000713,284.0790455704728
588.7000000000713,151.1195395727118
588.8000000000713,576.9214838816533
588.9000000000714,5329.364525582376
589.0000000000714,5502.683358964037
589.1000000000714,2198.8348139277177
589.2000000000714,527.0472126233856
589.3000000000715,192.387644929533
589.4000000000715,606.3973117789834
589.5000000000715,3474.940959872752
589.6000000000715,3519.7537733131244
589.7000000000716,1379.7588570423038
589.8000000000716,291.99731641099277
589.9000000000716,274.0178824053714
590.0000000000716,190.72343735498578
590.1000000000716,181.7498651963595
590.2000000000717,161.3307445118521
590.3000000000717,150.39162728408476
590.4000000000717,157.41674034712696
590.5000000000717,131.51142924218155
590.6000000000718,137.62902693999123
590.7000000000718,155.0942642157365
590.8000000000718,112.79689154343666
590.9000000000718,104.54001271425999
591.0000000000719,140.69448633097295
591.1000000000719,127.87510600744152
591.2000000000719,109.53928366105772
591.3000000000719,131.8897696734374
591.4000000000719,132.83997991525442
591.500000000072,106.08761131895851
591.600000000072,121.428970963712
591.700000000072,122.07726002574266
591.800000000072,157.7949856680762
591.900000000072,129.45066301417918
592.0000000000721,101.88868589953529
592.1000000000721,93.68369087282399
592.2000000000721,89.37618043141102
592.3000000000721,112.87414231510849
592.4000000000722,104.13543585334979
592.5000000000722,114.86561351478376
592.6000000000722,123.85330113543537
592.7000000000722,113.4256882828981
592.8000000000723,117.92121012410861
592.9000000000723,119.93517362381105
593.0000000000723,89.22401930182153
593.1000000000723,75.92442422330699
593.2000000000724,79.51440004557679
593.3000000000724,94.40938409742824
593.4000000000724,112.38509394364888
593.5000000000724,109.82318343471312
593.6000000000724,105.72545783174517
593.7000000000725,107.82004087601024
593.8000000000725,91.07390693885284
593.9000000000725,91.55538007376553
594.0000000000725,96.25709246125088
594.1000000000726,93.66287078685872
594.2000000000726,116.62059007828094
594.3000000000726,114.02967969124403
594.4000000000726,93.16311985545597
594.5000000000726,111.71647002628488
594.6000000000727,111.00240180550304
594.7000000000727,116.78425477292613
594.8000000000727,111.8998021599626
594.9000000000727,115.36519519599244
595.0000000000728,112.36388954437234
595.1000000000728,108.27638415823753
595.2000000000728,110.45343164235119
595.3000000000728,113.31111845980489
595.4000000000729,137.22759279502034
595.5000000000729,152.16075380872172
595.6000000000729,706.2995398174556
595.7000000000729,974.4149936771944
595.8000000000729,688.2822282866777
595.900000000073,387.0730957994996
596.000000000073,280.14081705034573
596.100000000073,341.9043812819555
596.200000000073,472.5988365554083
596.300000000073,424.2716774936562
596.4000000000731,255.70580069008042
596.5000000000731,183.71498930199007
596.6000000000731,174.96320858699502
596.7000000000731,126.89891037723542
596.8000000000732,111.84031542540087
596.9000000000732,136.77482766331377
597.0000000000732,148.49866076968092
597.1000000000732,105.11519379992794
597.2000000000733,95.70398337186636
597.3000000000733,99.67587477106433
597.4000000000733,86.3265760950049
597.5000000000733,90.61090604360312
597.6000000000734,94.85858976012027
597.7000000000734,85.9780751756042
597.8000000000734,79.02021607796442
597.9000000000734,83.4619098642996
598.0000000000734,92.73506423772784
598.1000000000735,108.22498607997339
598.2000000000735,101.80976931250068
598.3000000000735,79.54033467858464
598.4000000000735,103.22742122584617
598.5000000000736,101.7760645302441
598.6000000000736,107.89373124736444
598.7000000000736,64.54352170259995
598.8000000000736,93.57240516688496
598.9000000000736,113.71042440840932
599.0000000000737,76.17064483619504
599.1000000000737,106.20049456424285
599.2000000000737,81.11619078643481
599.3000000000737,98.42042172115218
599.4000000000738,76.17377122222109
599.5000000000738,86.36920303554328
599.6000000000738,94.64926959657011
599.7000000000738,83.29142795004118
599.8000000000739,91.31454548771727
599.9000000000739,88.2604854754619
600.0000000000739,90.13088622210186
600.1000000000739,117.57157628759307
600.2000000000739,89.7091589142281
600.300000000074,65.4715681559642
600.400000000074,77.8210721942848
600.500000000074,83.39941785133553
600.600000000074,75.8614125960382
600.700000000074,87.47354430506563
600.8000000000741,97.3158159833055
600.9000000000741,80.68602907297432
601.0000000000741,77.86822932966918
601.1000000000741,72.46534578101884
601.2000000000742,77.32360465416502
601.3000000000742,73.65404924487588
601.4000000000742,61.840162325639945
601.5000000000742,81.5993720089048
601.6000000000743,59.16825573022927
601.7000000000743,81.82885267532058
601.8000000000743,73.79816933032865
601.9000000000743,80.78087167510597
602.0000000000744,77.1257355773978
602.1000000000744,58.863605681170014
602.2000000000744,95.67581717660877
602.3000000000744,123.66509559836042
602.4000000000744,60.242262529778706
602.5000000000745,73.9166130805789
602.6000000000745,98.98786479978223
602.7000000000745,79.93939297272442
602.8000000000745,69.36874404578754
602.9000000000746,76.97925660014471
603.0000000000746,89.6871625881443
603.1000000000746,125.21083875119851
603.2000000000746,124.9393323247816
603.3000000000746,97.39114462552959
603.4000000000747,81.97732577169252
603.5000000000747,127.83877063955782
603.6000000000747,133.02970000491794
603.7000000000747,101.44524441065776
603.8000000000748,100.6988018562847
603.9000000000748,90.42993025528368
604.0000000000748,107.60100812034695
604.1000000000748,107.47119490293616
604.2000000000749,88.94351484513746
604.3000000000749,85.89547822928913
604.4000000000749,98.509630059709
604.5000000000749,107.78483972487906
604.6000000000749,120.38255218717393
604.700000000075,122.30435690580381
604.800000000075,85.9886161601388
604.900000000075,101.08846418396227
605.000000000075,86.4841700691202
605.100000000075,101.19003968660434
605.2000000000751,123.80335054727371
605.3000000000751,104.37275317664664
605.4000000000751,85.01162629563983
605.5000000000751,84.03140379283478
605.6000000000752,76.28839951684716
605.7000000000752,138.67197887177906
605.8000000000752,144.17982680649413
605.9000000000752,140.15809516208722
606.0000000000753,129.14156974663302
606.1000000000753,128.50633526192706
606.2000000000753,122.02123080247554
606.3000000000753,91.43968664360675
606.4000000000754,96.9925645238882
606.5000000000754,98.75516527278019
606.6000000000754,78.78886125025001
606.7000000000754,102.47126652454527
606.8000000000754,104.34007085018474
606.9000000000755,85.85506030443189
607.0000000000755,72.68937698163722
607.1000000000755,69.72403745628026
607.2000000000755,85.01844051851123
607.3000000000756,79.9338716756641
607.4000000000756,79.09506401299089
607.5000000000756,102.36702563240242
607.6000000000756,97.14893717756269
607.7000000000756,61.57839250339665
607.8000000000757,70.75266695119807
607.9000000000757,86.4834475735374
608.0000000000757,52.43425019508553
608.1000000000757,63.37134197860793
608.2000000000758,95.36720863800394
608.3000000000758,86.76141028075506
608.4000000000758,97.01056499119065
608.5000000000758,77.8403295389869
608.6000000000759,93.88236810475806
608.7000000000759,94.07243767587246
608.8000000000759,63.8883432011197
608.9000000000759,98.20735033591534
609.0000000000759,69.80790676559656
609.100000000076,79.10455932154949
609.200000000076,47.90890317044053
609.300000000076,83.58329327365698
609.400000000076,76.2335978077615
609.500000000076,70.96489420615833
609.6000000000761,93.0770142267974
609.7000000000761,68.20889772349665
609.8000000000761,73.35169926772157
609.9000000000761,78.41431027719571
610.0000000000762,106.74499627589674
610.1000000000762,96.22342420443064
610.2000000000762,135.88404768442925
610.3000000000762,123.08798969983171
610.4000000000763,75.96133254450163
610.5000000000763,70.71081519907612
610.6000000000763,64.43092207454761
610.7000000000763,84.2112128324664
610.8000000000764,86.934633401868
610.9000000000764,69.09782913407452
611.0000000000764,93.8039089967131
611.1000000000764,77.02863394613469
611.2000000000764,44.516770872864335
611.3000000000765,61.91457049514341
611.4000000000765,75.17349569278144
611.5000000000765,56.410835246131924
611.6000000000765,71.67499509312603
611.7000000000766,75.44920365181316
611.8000000000766,67.34845425809503
611.9000000000766,68.97630079123937
612.0000000000766,104.05867498496178
612.1000000000766,118.82881037240624
612.2000000000767,143.18423767214796
612.3000000000767,153.54703890221813
612.4000000000767,86.82169921308646
612.5000000000767,86.0435624825851
612.6000000000768,71.91345177587925
612.7000000000768,58.23375381830455
612.8000000000768,75.47999544939161
612.9000000000768,102.01401621485425
613.0000000000769,82.25730113759042
613.1000000000769,59.273822678227745
613.2000000000769,74.63012477938591
613.3000000000769,68.99650113848523
613.400000000077,60.777244490655306
613.500000000077,96.55402983885385
613.600000000077,66.85656157313119
613.700000000077,76.57169174544748
613.800000000077,79.65451108882144
613.9000000000771,85.57879981580274
614.0000000000771,109.0281581241813
614.1000000000771,115.68678163436279
614.2000000000771,125.07682278529292
614.3000000000771,126.10576002128798
614.4000000000772,90.67189775014252
614.5000000000772,74.83459094747225
614.6000000000772,104.60842736294255
614.7000000000772,96.32524217027552
614.8000000000773,81.3932783986892
614.9000000000773,90.5068036999463
615.0000000000773,91.0443628978506
615.1000000000773,79.79120847833745
615.2000000000774,68.06544658423654
615.3000000000774,76.00536830395235
615.4000000000774,65.41444726413478
615.5000000000774,70.73655660065855
615.6000000000774,101.41996807595294
615.7000000000775,119.42925267070748
615.8000000000775,104.90950065116391
615.9000000000775,90.67986204930216
616.0000000000775,111.7959154021269
616.1000000000776,170.30472542511922
616.2000000000776,219.32081973302263
616.3000000000776,141.11540236522512
616.4000000000776,130.63633676032492
616.5000000000776,103.04554658581336
616.6000000000777,81.69326509184299
616.7000000000777,80.19981439151135
616.8000000000777,95.22184518744136
616.9000000000777,120.28007696803685
617.0000000000778,96.01451828575964
617.1000000000778,83.71471024987704
617.2000000000778,115.58171128430635
617.3000000000778,89.45073861969576
617.4000000000779,91.78317087868966
617.5000000000779,75.24618185990894
617.6000000000779,69.91030925945145
617.7000000000779,89.4955585092842
617.800000000078,96.10722028459575
617.900000000078,89.74534063292724
618.000000000078,69.52401902240747
618.100000000078,82.67096040125809
618.200000000078,90.63820676431165
618.3000000000781,86.45859777515767
618.4000000000781,131.80049852165448
618.5000000000781,154.52951653907792
618.6000000000781,144.57021189246942
618.7000000000781,115.98362551630534
618.8000000000782,77.37966638800192
618.9000000000782,69.3025748524889
619.0000000000782,60.044959428736824
619.1000000000782,70.42478046852355
619.2000000000783,71.40852215062738
619.3000000000783,63.115605600655606
619.4000000000783,76.60467391596161
619.5000000000783,83.49401982346495
619.6000000000784,87.72136128502736
619.7000000000784,83.28130557330249
619.8000000000784,72.06347588569746
619.9000000000784,89.70289023912386
620.0000000000784,41.299367246825604
620.1000000000785,51.74127057846002
620.2000000000785,64.14886954183432
620.3000000000785,72.0005539635696
620.4000000000785,74.06242511303124
620.5000000000786,70.40016864639398
620.6000000000786,62.34001857536843
620.7000000000786,52.97036039076901
620.8000000000786,47.47054810638928
620.9000000000786,48.600818140450315
621.0000000000787,55.889367419619035
621.1000000000787,66.2281276893248
621.2000000000787,73.79057464617097
621.3000000000787,76.60109238925415
621.4000000000788,77.03481696566986
621.5000000000788,74.55690220151463
621.6000000000788,65.78160544180085
621.7000000000788,58.422584074810764
621.8000000000789,70.38098404758163
621.9000000000789,95.32930337744129
622.0000000000789,104.43008902161245
622.1000000000789,90.77108300951218
622.200000000079,68.2759938033512
622.300000000079,52.1258512205343
622.400000000079,56.62492464401134
622.500000000079,74.56398905932754
622.600000000079,82.54515437454175
622.7000000000791,78.56126627310202
622.8000000000791,76.70825943202622
622.9000000000791,78.76131815725248
623.0000000000791,77.72600807017231
623.1000000000791,74.4672268240061
623.2000000000792,74.90370266381761
623.3000000000792,78.20700809764281
623.4000000000792,79.1291063225217
623.5000000000792,73.48286104989226
623.6000000000793,58.87574138829116
623.7000000000793,44.080024497687695
623.8000000000793,43.11556298431337
623.9000000000793,57.50396647280713
624.0000000000794,80.54870292716927
624.1000000000794,94.54857046840331
624.2000000000794,80.81046658162282
624.3000000000794,59.68145506206581
624.4000000000794,64.1464738781394
624.5000000000795,76.26507847387461
624.6000000000795,62.02349318889571
624.7000000000795,41.841244300080284
624.8000000000795,51.828000738507754
624.9000000000796,74.11590358998394
625.0000000000796,75.3280505891287
625.1000000000796,63.24773049828584
625.2000000000796,58.19326584758274
625.3000000000796,61.43560825591794
625.4000000000797,67.25346800922705
625.5000000000797,69.20157417989131
625.6000000000797,62.86137209237408
625.7000000000797,55.23940941836095
625.8000000000798,55.10920321741557
625.9000000000798,62.677631483677686
626.0000000000798,74.83522365415507
626.1000000000798,84.95796242892378
626.2000000000799,86.70121592780667
626.3000000000799,78.77975534462085
626.4000000000799,63.61658132508668
626.5000000000799,52.81793128985327
626.60000000008,55.0997424323872
626.70000000008,61.26413193178229
626.80000000008,62.36274382232558
626.90000000008,63.27568915831129
627.00000000008,71.94170884834989
627.1000000000801,96.95038701094077
627.2000000000801,125.90803942235823
627.3000000000801,86.4621503307231
627.4000000000801,-7.644577106205475
627.5000000000801,113.26026605766144
627.6000000000802,557.9745316983934
627.7000000000802,934.9827758919378
627.8000000000802,946.9950748232242
627.9000000000802,688.213497385068
628.0000000000803,327.28011431140885
628.1000000000803,74.0222270188012
628.2000000000803,27.89034604826628
628.3000000000803,57.73712752358616
628.4000000000804,66.04837479680569
628.5000000000804,68.77701443243726
628.6000000000804,77.75023219121759
628.7000000000804,76.39037849843758
628.8000000000804,61.40691739865462
628.9000000000805,55.29042447700625
629.0000000000805,64.88817995764583
629.1000000000805,70.19556167330268
629.2000000000805,63.53311622810739
629.3000000000806,57.50943616084073
629.4000000000806,58.56221491418344
629.5000000000806,62.94669726586689
629.6000000000806,63.360629539279586
629.7000000000806,49.67243534406592
629.8000000000807,31.51698344807968
629.9000000000807,39.73213134308409
630.0000000000807,67.17139459589022
630.1000000000807,67.30610087108148
630.2000000000808,40.786634921740045
630.3000000000808,34.6636734542408
630.4000000000808,55.540017671261445
630.5000000000808,72.23356945215694
630.6000000000809,74.36861504321371
630.7000000000809,70.37880111225152
630.8000000000809,66.06125633073775
630.9000000000809,64.81881178259542
631.000000000081,72.58509285474372
631.100000000081,95.31062733377871
631.200000000081,114.99830754092314
631.300000000081,101.11744405772914
631.400000000081,66.98994451766211
631.5000000000811,50.69498705752339
631.6000000000811,57.22622093855382
631.7000000000811,71.57997997633305
631.8000000000811,75.71100749479751
631.9000000000811,54.52003323104986
632.0000000000812,30.527615674347427
632.1000000000812,38.72609200679265
632.2000000000812,65.11241271437731
632.3000000000812,76.45973482984701
632.4000000000813,63.911894492957074
632.5000000000813,33.16225642971251
632.6000000000813,16.098899933877757
632.7000000000813,43.308708851401335
632.8000000000814,78.47077020524424
632.9000000000814,74.31467042421913
633.0000000000814,52.88849461506205
633.1000000000814,49.48290223609394
633.2000000000814,53.05085212651266
633.3000000000815,45.70833036515761
633.4000000000815,40.993152602209605
633.5000000000815,53.61898888956674
633.6000000000815,68.24039145365323
633.7000000000816,68.73306658338149
633.8000000000816,63.8148196679029
633.9000000000816,63.60243895256392
634.0000000000816,63.85266894735038
634.1000000000816,59.9945665751122
634.2000000000817,55.609260950991114
634.3000000000817,57.04398126245116
634.4000000000817,74.0094879926931
634.5000000000817,105.80848961902599
634.6000000000818,123.83247139893717
634.7000000000818,109.47412008017278
634.8000000000818,77.58113253005114
634.9000000000818,49.4972220031752
635.0000000000819,50.08549386173607
635.1000000000819,79.14415438946482
635.2000000000819,87.16410666875743
635.3000000000819,56.706236536376075
635.400000000082,37.24366999881437
635.500000000082,51.82109155238358
635.600000000082,69.22501755103609
635.700000000082,69.22759618086839
635.800000000082,55.73249599989298
635.9000000000821,40.93711451495792
636.0000000000821,44.990323387944365
636.1000000000821,62.11846636369893
636.2000000000821,54.526556586347
636.3000000000822,24.585922977259315
636.4000000000822,21.64482246345909
636.5000000000822,51.040765283659525
636.6000000000822,70.13840115425891
636.7000000000822,65.4508302505858
636.8000000000823,53.888589128039975
636.9000000000823,50.73928603565007
637.0000000000823,67.01250276433397
637.1000000000823,85.62811663253343
637.2000000000824,70.63409257973188
637.3000000000824,40.3345680424216
637.4000000000824,48.26857388755869
637.5000000000824,79.88408200299034
637.6000000000824,79.78056600177506
637.7000000000825,57.44851712259084
637.8000000000825,57.94874166819077
637.9000000000825,77.0945246633436
638.0000000000825,85.74034875767798
638.1000000000826,81.48541828164804
638.2000000000826,74.89448852272042
638.3000000000826,69.72806637637771
638.4000000000826,66.02046525522823
638.5000000000827,60.274358030449434
638.6000000000827,49.65921680027256
638.7000000000827,44.57471653879283
638.8000000000827,55.73426319009621
638.9000000000827,67.75264721778183
639.0000000000828,62.55100695268603
639.1000000000828,53.12914069120241
639.2000000000828,56.52567517601212
639.3000000000828,65.00573529288208
639.4000000000829,67.09152296374675
639.5000000000829,63.83149746756862
639.6000000000829,58.236606779774704
639.7000000000829,49.167468520026205
639.800000000083,37.625168168224
639.900000000083,34.45124755649747
640.000000000083,45.02502097817637
640.100000000083,53.3251409760482
640.200000000083,48.8295090607759
640.3000000000831,45.15769989776105
640.4000000000831,51.27921315192348
640.5000000000831,56.360088691034285
640.6000000000831,52.20133433917883
640.7000000000832,42.08129561605398
640.8000000000832,33.43873318525655
640.9000000000832,38.67269748724786
641.0000000000832,56.25673447706196
641.1000000000832,60.26369542780769
641.2000000000833,44.84887497698677
641.3000000000833,38.457559903513136
641.4000000000833,51.24193658744024
641.5000000000833,64.11291370371222
641.6000000000834,71.74251726663364
641.7000000000834,88.22684087637228
641.8000000000834,107.64152196279618
641.9000000000834,101.1084747647276
642.0000000000834,71.50768032368815
642.1000000000835,54.396525343984436
642.2000000000835,57.39702519001828
642.3000000000835,61.61307668878772
642.4000000000835,64.06074689042049
642.5000000000836,74.90720765410099
642.6000000000836,88.18715390469654
642.7000000000836,87.10955928393102
642.8000000000836,76.87021988791058
642.9000000000837,76.5874828419236
643.0000000000837,90.99819375225132
643.1000000000837,115.78769955218372
643.2000000000837,146.41089406869864
643.3000000000837,176.63806835240044
643.4000000000838,186.67649546022488
643.5000000000838,158.17739991837445
643.6000000000838,132.39389184897465
643.7000000000838,161.6049677673616
643.8000000000839,199.0495079255287
643.9000000000839,177.9385927929895
644.0000000000839,140.25198703546187
644.1000000000839,146.73459229587618
644.200000000084,160.2243200631607
644.300000000084,130.82793490931806
644.400000000084,87.76048460530166
644.500000000084,70.13262601863465
644.600000000084,70.11613575490317
644.7000000000841,72.37607198543469
644.8000000000841,75.33006217063166
644.9000000000841,79.5910714907742
645.0000000000841,83.39528233414201
645.1000000000842,84.16715986419814
645.2000000000842,78.37476648814905
645.3000000000842,67.2073551518327
645.4000000000842,63.53836180435273
645.5000000000842,71.42678036930027
645.6000000000843,72.52982461151655
645.7000000000843,59.75843842410287
645.8000000000843,52.82462818709044
645.9000000000843,65.80725194188844
646.0000000000844,97.88038778785803
646.1000000000844,132.60844505239209
646.2000000000844,132.9235318652307
646.3000000000844,94.7728078277672
646.4000000000844,60.25745352060933
646.5000000000845,48.008937695375856
646.6000000000845,44.72088527658353
646.7000000000845,44.6188399204642
646.8000000000845,51.74162489968656
646.9000000000846,62.73370461442927
647.0000000000846,67.22931135207855
647.1000000000846,64.9192659069799
647.2000000000846,63.76659180080902
647.3000000000847,62.79814680874138
647.4000000000847,55.033206896186044
647.5000000000847,46.47892514222524
647.6000000000847,49.99186319317586
647.7000000000847,55.95536824510564
647.8000000000848,44.737653557387326
647.9000000000848,30.382856261129287
648.0000000000848,39.70458851161858
648.1000000000848,56.87612685001128
648.2000000000849,52.2180960832571
648.3000000000849,40.3433886661528
648.4000000000849,47.44752154651678
648.5000000000849,57.945269737866774
648.600000000085,48.87396837837215
648.700000000085,38.95733791723725
648.800000000085,50.493030254364285
648.900000000085,60.992437740839534
649.000000000085,48.563215256632425
649.1000000000851,43.59794755491984
649.2000000000851,71.30425221525579
649.3000000000851,94.68102469134443
649.4000000000851,83.5054751739306
649.5000000000852,68.1040355792411
649.6000000000852,74.97297003985062
649.7000000000852,90.73387361989768
649.8000000000852,96.32659825066497
649.9000000000852,74.68534657962756
650.0000000000853,31.86683521073555
650.1000000000853,19.75171495566158
650.2000000000853,51.76795573371828
650.3000000000853,63.64060833717343
650.4000000000854,34.2819875829517
650.5000000000854,22.19966109465682
650.6000000000854,46.61205886225093
650.7000000000854,63.42180739050139
650.8000000000854,57.155932854137795
650.9000000000855,52.4893023472775
651.0000000000855,57.61457066391354
651.1000000000855,60.658250542111105
651.2000000000855,58.72632749492588
651.3000000000856,57.999238204989226
651.4000000000856,56.61511507758369
651.5000000000856,46.85011520394882
651.6000000000856,38.47764291651572
651.7000000000857,51.66170252710196
651.8000000000857,73.78648881876562
651.9000000000857,74.07104274316247
652.0000000000857,56.32619231095583
652.1000000000857,42.3186434126374
652.2000000000858,35.83681065187969
652.3000000000858,32.40342694669488
652.4000000000858,34.051880819459406
652.5000000000858,44.375631270468475
652.6000000000859,58.71082314733693
652.7000000000859,70.56239371820693
652.8000000000859,80.5383429814686
652.9000000000859,90.24031845308538
653.000000000086,95.00055064489666
653.100000000086,89.89322133726121
653.200000000086,76.08979298546986
653.300000000086,58.54136403608545
653.400000000086,49.94242298387779
653.5000000000861,58.50471657503087
653.6000000000861,74.38422759286509
653.7000000000861,85.56480271462877
653.8000000000861,82.97541627501754
653.9000000000862,69.02505102455508
654.0000000000862,70.29730375729771
654.1000000000862,94.5804499678139
654.2000000000862,107.60636948202176
654.3000000000862,94.224973159561
654.4000000000863,79.102248709821
654.5000000000863,78.35462112028016
654.6000000000863,89.87257336814525
654.7000000000863,104.50825628527785
654.8000000000864,106.59827688762256
654.9000000000864,98.21217286835717
655.0000000000864,100.83588760223844
655.1000000000864,116.97644460972089
655.2000000000864,130.5941677990421
655.3000000000865,142.97485283525356
655.4000000000865,169.22889360475872
655.5000000000865,201.35109285347858
655.6000000000865,216.1681078765745
655.7000000000866,218.44362767883177
655.8000000000866,231.16697346960217
655.9000000000866,275.9288796419546
656.0000000000866,368.0107303311129
656.1000000000867,479.0070068939442
656.2000000000867,560.2753926163946
656.3000000000867,570.6172565570392
656.4000000000867,486.52981278409777
656.5000000000867,369.3247572520514
656.6000000000868,294.2250845473524
656.7000000000868,252.7056100110049
656.8000000000868,217.91432911188286
656.9000000000868,195.60233379091326
657.0000000000869,192.07593776231596
657.1000000000869,184.42085836295902
657.2000000000869,155.60417832213824
657.3000000000869,127.05521238910961
657.400000000087,118.41343952040476
657.500000000087,125.08884188621379
657.600000000087,134.19405907926597
657.700000000087,123.16664485142873
657.800000000087,89.19101995893075
657.9000000000871,70.1763476048065
658.0000000000871,82.99117053148484
658.1000000000871,101.44539234993069
658.2000000000871,105.81562051092742
658.3000000000872,92.03463658045183
658.4000000000872,66.76854781770865
658.5000000000872,48.32708392086458
658.6000000000872,47.14643314478203
658.7000000000872,63.584555121516395
658.8000000000873,83.34013269954212
658.9000000000873,80.79419385211241
659.0000000000873,63.32483017243537
659.1000000000873,62.772624450640926
659.2000000000874,74.03780068646341
659.3000000000874,68.6822704146289
659.4000000000874,52.58211115892583
659.5000000000874,49.695814724898895
659.6000000000874,56.88758834349974
659.7000000000875,58.684127465606515
659.8000000000875,53.91021510608889
659.9000000000875,47.4962853864346
660.0000000000875,42.32015482109237
660.1000000000876,40.546949700454114
660.2000000000876,44.75705632703986
660.3000000000876,55.52930062953005
660.4000000000876,64.1065184146122
660.5000000000877,61.96162019400157
660.6000000000877,50.81247072079656
660.7000000000877,35.93382606783769
660.8000000000877,26.32099771816189
660.9000000000877,29.197102847624933
661.0000000000878,45.182424419208076
661.1000000000878,66.5927018821084
661.2000000000878,69.72794307082242
661.3000000000878,48.23272070024674
661.4000000000879,32.714656434278645
661.5000000000879,37.031602963438544
661.6000000000879,41.23949357392927
661.7000000000879,37.54475680743263
661.800000000088,39.11258470359063
661.900000000088,47.55007696126683
662.000000000088,49.22709618687344
662.100000000088,42.161087967818716
662.200000000088,36.860395205101945
662.3000000000881,36.07179202599864
662.4000000000881,35.70537863980938
662.5000000000881,39.28358205415833
662.6000000000881,54.27936800693977
662.7000000000882,64.93266366013717
662.8000000000882,45.60865134259697
662.9000000000882,20.276368589105797
663.0000000000882,31.955293806503256
663.1000000000882,58.07751126882854
663.2000000000883,54.19037247855986
663.3000000000883,33.544524717830214
663.4000000000883,27.347019578758573
663.5000000000883,40.219666127924526
663.6000000000884,63.355272805317234
663.7000000000884,67.6216256130251
663.8000000000884,35.5296637346487
663.9000000000884,14.1291300670892
664.0000000000884,39.15898890490074
664.1000000000885,64.29645272699481
664.2000000000885,53.43059276122622
664.3000000000885,38.699446365918284
664.4000000000885,42.5177470360362
664.5000000000886,41.85811459123198
664.6000000000886,27.831050684133768
664.7000000000886,28.663849126938587
664.8000000000886,48.19467298110012
664.9000000000887,46.37634077238737
665.0000000000887,20.56582392780186
665.1000000000887,21.86586439206698
665.2000000000887,57.364403487856926
665.3000000000887,81.0668286798814
665.4000000000888,76.23792249369791
665.5000000000888,57.53653736869468
665.6000000000888,43.1995371048714
665.7000000000888,50.96864046574684
665.8000000000889,67.53883252801889
665.9000000000889,61.74601287547791
666.0000000000889,42.79894231238481
666.1000000000889,39.79694493145975
666.200000000089,45.86771041850423
666.300000000089,40.098279893456244
666.400000000089,29.640289387860314
666.500000000089,29.577627290524234
666.600000000089,33.00000564060755
666.7000000000891,30.291122367414427
666.8000000000891,35.19274163576056
666.9000000000891,57.581638335744024
667.0000000000891,66.25819544593216
667.1000000000892,38.777967631749505
667.2000000000892,12.118351018260801
667.3000000000892,17.326663209179493
667.4000000000892,38.45267624294996
667.5000000000892,54.68236275948541
667.6000000000893,51.613631805724424
667.7000000000893,32.329117761952084
667.8000000000893,30.209975928776565
667.9000000000893,50.976551311126556
668.0000000000894,53.032539777522956
668.1000000000894,26.79240386252423
668.2000000000894,9.150603030776963
668.3000000000894,13.221372696121222
668.4000000000894,22.835187688257744
668.5000000000895,32.58541740406332
668.6000000000895,47.53744755827733
668.7000000000895,57.12198186844386
668.8000000000895,41.078912850377456
668.9000000000896,14.828481278500753
669.0000000000896,13.518865227158834
669.1000000000896,32.774490753129236
669.2000000000896,48.34884544613441
669.3000000000897,53.903302547811236
669.4000000000897,51.48345636249516
669.5000000000897,42.9097553475605
669.6000000000897,31.195022074209444
669.7000000000897,25.969879649735486
669.8000000000898,34.631044583716886
669.9000000000898,46.443441693414506
670.0000000000898,50.6128068475464
670.1000000000898,52.35837776724009
670.2000000000899,55.0318495449895
670.3000000000899,47.1395807426022
670.4000000000899,30.662179668300638
670.5000000000899,44.67065975896388
670.60000000009,98.34137240461965
670.70000000009,133.4582338744601
670.80000000009,119.26683975697749
670.90000000009,81.52447170853537
671.00000000009,46.58966162590058
671.1000000000901,34.03629800588944
671.2000000000901,42.53808209765878
671.3000000000901,48.589327103181944
671.4000000000901,45.521618304639226
671.5000000000902,43.37823923145956
671.6000000000902,47.74109613646048
671.7000000000902,59.121334693887
671.8000000000902,65.66922318670694
671.9000000000902,50.75519247906176
672.0000000000903,28.601472287583746
672.1000000000903,26.134362296966806
672.2000000000903,38.29920548021547
672.3000000000903,47.663208274510154
672.4000000000904,50.067085044204354
672.5000000000904,46.63525093386131
672.6000000000904,39.98107641207729
672.7000000000904,33.53592180110869
672.8000000000904,32.1849163811512
672.9000000000905,38.756874771045915
673.0000000000905,48.28434462546258
673.1000000000905,55.443892777260636
673.2000000000905,58.104228802982846
673.3000000000906,53.79818397411106
673.4000000000906,38.324144444883196
673.5000000000906,17.673734024100273
673.6000000000906,16.008904077389136
673.7000000000907,36.63115651745042
673.8000000000907,49.74778547540949
673.9000000000907,41.52623027174831
674.0000000000907,21.356512641014966
674.1000000000907,7.940629819800136
674.2000000000908,25.512026053556284
674.3000000000908,54.60699269579931
674.4000000000908,43.65685616238446
674.5000000000908,8.599650683950278
674.6000000000909,7.324410104709367
674.7000000000909,34.40207788432111
674.8000000000909,51.30798435566098
674.9000000000909,53.280617966591414
675.000000000091,51.81957540805971
675.100000000091,57.87336203757727
675.200000000091,77.47616994909797
675.300000000091,92.96137450402597
675.400000000091,86.59270761969877
675.5000000000911,71.13029967440261
675.6000000000911,62.310674993498
675.7000000000911,59.9232426456422
675.8000000000911,59.106934768220334
675.9000000000912,51.39815830185219
676.0000000000912,36.081766033854386
676.1000000000912,30.44701783601698
676.2000000000912,40.529856772402965
676.3000000000912,48.35837520057406
676.4000000000913,47.01467069769731
676.5000000000913,49.079868509635666
676.6000000000913,57.566475517456034
676.7000000000913,62.33496014585721
676.8000000000914,59.16350188524592
676.9000000000914,50.68182801704126
677.0000000000914,42.422677915026156
677.1000000000914,41.28706215134109
677.2000000000914,44.55516720691109
677.3000000000915,43.89117728394516
677.4000000000915,39.772586997767156
677.5000000000915,37.60040037326475
677.6000000000915,42.577586474457156
677.7000000000916,56.56895692896661
677.8000000000916,62.39005878076177
677.9000000000916,44.02883990340371
678.0000000000916,23.787568207232646
678.1000000000917,25.717205690788433
678.2000000000917,38.081020729764276
678.3000000000917,43.648988905528356
678.4000000000917,34.01081977948283
678.5000000000917,13.145909133093202
678.6000000000918,10.85956623400472
678.7000000000918,34.46525102932672
678.8000000000918,40.099926557512845
678.9000000000918,15.562268698951637
679.0000000000919,7.911062143270036
679.1000000000919,29.40180196318846
679.2000000000919,40.95222153118571
679.3000000000919,33.063373852305126
679.400000000092,30.559439751824478
679.500000000092,37.8171200407575
679.600000000092,40.62765892586035
679.700000000092,36.57382317130667
679.800000000092,31.84462159450167
679.9000000000921,29.225651092418342
680.0000000000921,29.53619128596304
680.1000000000921,34.70928783404153
680.2000000000921,45.23914512331605
680.3000000000922,49.35734707013765
680.4000000000922,36.278327682977796
680.5000000000922,22.94605370581285
680.6000000000922,26.929640037391145
680.7000000000922,35.41511363155289
680.8000000000923,35.534221122796275
680.9000000000923,36.88117120971282
681.0000000000923,46.18583110619861
681.1000000000923,52.588407684106976
681.2000000000924,47.75992246849799
681.3000000000924,33.66947485447844
681.4000000000924,16.414639142751966
681.5000000000924,6.597884667236762
681.6000000000925,8.617720619507457
681.7000000000925,18.16669363651006
681.8000000000925,27.599861707104594
681.9000000000925,27.009455128155476
682.0000000000925,18.0545700272693
682.1000000000926,11.935967011455983
682.2000000000926,13.279194498254515
682.3000000000926,21.4970911110109
682.4000000000926,32.12312340603052
682.5000000000927,39.297135317136615
682.6000000000927,42.72292048739695
682.7000000000927,44.78639866847022
682.8000000000927,48.71823304333813
682.9000000000927,55.901388839234336
683.0000000000928,57.85817385767284
683.1000000000928,48.05288690333551
683.2000000000928,37.15506925953816
683.3000000000928,32.79808377761152
683.4000000000929,22.96552654327831
683.5000000000929,6.035300311843901
683.6000000000929,11.513505330088272
683.7000000000929,44.57568398966251
683.800000000093,59.19242805256339
683.900000000093,40.99396221916095
684.000000000093,28.831367686335106
684.100000000093,35.589339239289835
684.200000000093,39.422645111487434
684.3000000000931,36.10993358472223
684.4000000000931,39.1308634348171
684.5000000000931,46.81613106444082
684.6000000000931,47.024750707103905
684.7000000000932,46.94686444503899
684.8000000000932,61.73133912846019
684.9000000000932,71.37853053170379
685.0000000000932,47.26698027411069
685.1000000000932,17.958610015718858
685.2000000000933,23.697165508033358
685.3000000000933,50.24873456667534
685.4000000000933,70.37477888634457
685.5000000000933,72.18951732770816
685.6000000000934,54.092290259000784
685.7000000000934,34.394993197694895
685.8000000000934,27.629053971277067
685.9000000000934,30.210411407459755
686.0000000000935,35.53122488538859
686.1000000000935,36.401367690364246
686.2000000000935,32.160623514582454
686.3000000000935,32.001578152350014
686.4000000000935,39.60967091426766
686.5000000000936,50.793002066312354
686.6000000000936,57.810067427120735
686.7000000000936,51.34602084821282
686.8000000000936,44.33178315894455
686.9000000000937,63.5819978580801
687.0000000000937,94.42181326506338
687.1000000000937,101.09607334476263
687.2000000000937,92.63514771978357
687.3000000000937,94.9148378870252
687.4000000000938,96.59277966111675
687.5000000000938,79.50414829969327
687.6000000000938,64.96889691090914
687.7000000000938,73.97533004911634
687.8000000000939,79.27493594040148
687.9000000000939,58.41630333195059
688.0000000000939,37.799854062921106
688.1000000000939,36.2710600300789
688.200000000094,33.95536462896227
688.300000000094,22.538499593131178
688.400000000094,24.868660964792873
688.500000000094,47.544352354687994
688.600000000094,68.67148788528107
688.7000000000941,73.09539648318069
688.8000000000941,56.92042232459566
688.9000000000941,31.26252166310129
689.0000000000941,19.22307225738166
689.1000000000942,23.463019657683905
689.2000000000942,31.789599413679472
689.3000000000942,39.4556025818254
689.4000000000942,46.056516740965066
689.5000000000942,49.057497770760094
689.6000000000943,45.83605392786248
689.7000000000943,39.26769397710064
689.8000000000943,33.93934347285606
689.9000000000943,33.10196413030155
690.0000000000944,37.09802150457308
690.1000000000944,37.47683496791478
690.2000000000944,31.566336875691448
690.3000000000944,37.30106145320965
690.4000000000945,58.982651070547995
690.5000000000945,65.3006302947662
690.6000000000945,40.300575517453964
690.7000000000945,1.0343592390819785
690.8000000000945,-26.826197448481423
690.9000000000946,-12.19585020275664
691.0000000000946,31.36763069834246
691.1000000000946,46.79110136136214
691.2000000000946,30.384203314384738
691.3000000000947,21.408534553793547
691.4000000000947,27.028671495212834
691.5000000000947,33.36986703483244
691.6000000000947,32.95727054961791
691.7000000000947,23.03090388379015
691.8000000000948,8.925981484144131
691.9000000000948,-0.35897983609212325
692.0000000000948,6.352882602992396
692.1000000000948,32.436703024077325
692.2000000000949,49.2949711720871
692.3000000000949,37.20972496678804
692.4000000000949,23.971131902514394
692.5000000000949,31.736750062273178
692.600000000095,50.86235296106177
692.700000000095,66.1217490865008
692.800000000095,60.51721554000367
692.900000000095,36.04539305557209
693.000000000095,20.356519918161222
693.1000000000951,23.476330631555573
693.2000000000951,34.409992612343196
693.3000000000951,43.587033249676495
693.4000000000951,44.3491071913661
693.5000000000952,39.83985596594649
693.6000000000952,38.96838170879014
693.7000000000952,43.764479100723925
693.8000000000952,52.02459790721909
693.9000000000952,57.864691691694304
694.0000000000953,55.355777798993394
694.1000000000953,45.805440440056934
694.2000000000953,34.2744980965294
694.3000000000953,31.48070807857294
694.4000000000954,41.67414297367533
694.5000000000954,46.50110073818938
694.6000000000954,36.784249353925546
694.7000000000954,32.68805194092981
694.8000000000955,40.57296591800171
694.9000000000955,36.64876783828711
695.0000000000955,20.559022270325308
695.1000000000955,26.228509826309296
695.2000000000955,51.599381537732754
695.3000000000956,56.35717500546514
695.4000000000956,41.2275377900688
695.5000000000956,39.7214728496117
695.6000000000956,51.63963027287375
695.7000000000957,57.02140556938455
695.8000000000957,59.811473425541784
695.9000000000957,72.36785637127723
696.0000000000957,82.89994012491543
696.1000000000957,77.2196904373563
696.2000000000958,74.28613982426185
696.3000000000958,140.28938499393712
696.4000000000958,474.5553400374072
696.5000000000958,1060.6351271443868
696.6000000000959,1221.369985595928
696.7000000000959,670.0854427360903
696.8000000000959,151.82856969223212
696.9000000000959,77.79684450524819
697.000000000096,124.0584129110481
697.100000000096,99.88732944123588
697.200000000096,61.70684346955843
697.300000000096,45.29054547970606
697.400000000096,50.26388155184149
697.5000000000961,61.30770173954794
697.6000000000961,55.75790349314765
697.7000000000961,40.22894006593091
697.8000000000961,35.718094524221286
697.9000000000962,41.265153464671045
698.0000000000962,46.879653941784156
698.1000000000962,48.02275647811416
698.2000000000962,44.27551265405547
698.3000000000962,44.44103257546099
698.4000000000963,53.92492118106369
698.5000000000963,60.19833825344785
698.6000000000963,54.86271145695875
698.7000000000963,47.344888309499986
698.8000000000964,43.28541574290807
698.9000000000964,37.0533841482692
699.0000000000964,29.556657620742286
699.1000000000964,31.908376151834464
699.2000000000965,41.786253819956734
699.3000000000965,42.730559020343215
699.4000000000965,37.64818962513965
699.5000000000965,43.984543999460165
699.6000000000965,53.190221037348834
699.7000000000966,43.714326102747734
699.8000000000966,28.012427621922335
699.9000000000966,30.441404662209024
700.0000000000966,44.45111513859776
700.1000000000967,53.576182416046784
700.2000000000967,49.27534298278482
700.3000000000967,31.445624723207345
700.4000000000967,20.805951528801856
700.5000000000967,30.262955027883187
700.6000000000968,42.00205767066818
700.7000000000968,41.4995732198441
700.8000000000968,29.808312839053304
700.9000000000968,14.922972750226466
701.0000000000969,11.97517346026521
701.1000000000969,22.590140200135476
701.2000000000969,32.925779927604395
701.3000000000969,37.396913282228326
701.400000000097,38.54924478843689
701.500000000097,41.31899282218717
701.600000000097,50.36695365568325
701.700000000097,55.62231940525942
701.800000000097,43.92380246434185
701.9000000000971,30.26440434652225
702.0000000000971,34.04286747980268
702.1000000000971,44.380014258284795
702.2000000000971,47.31978644235052
702.3000000000972,48.42981950049832
702.4000000000972,52.97548862967769
702.5000000000972,54.77991570644612
702.6000000000972,50.199099514174286
702.7000000000972,44.001208344873405
702.8000000000973,43.82758501849469
702.9000000000973,59.50219823151144
703.0000000000973,82.74316394962186
703.1000000000973,86.18135244353577
703.2000000000974,69.2746791241658
703.3000000000974,54.26050519628852
703.4000000000974,47.75952384100501
703.5000000000974,46.0750322290159
703.6000000000975,49.871521719594924
703.7000000000975,60.43371727711866
703.8000000000975,68.89292289555836
703.9000000000975,65.94606415595159
704.0000000000975,57.47668420731275
704.1000000000976,52.16225643346753
704.2000000000976,53.89714400350363
704.3000000000976,60.47723592720821
704.4000000000976,57.365854004566835
704.5000000000977,45.202842150113646
704.6000000000977,55.18756242775314
704.7000000000977,88.40341674447508
704.8000000000977,100.74471055759756
704.9000000000977,81.16853740141632
705.0000000000978,56.544549160551185
705.1000000000978,41.3555160710882
705.2000000000978,38.07874353780723
705.3000000000978,44.06546258197861
705.4000000000979,53.508950630566474
705.5000000000979,58.988270745860625
705.6000000000979,55.34012849579686
705.7000000000979,53.976250743312775
705.800000000098,65.21197791643593
705.900000000098,71.76138147474525
706.000000000098,64.4344156552559
706.100000000098,78.63578038346182
706.200000000098,112.32520717928325
706.3000000000981,65.39150564276255
706.4000000000981,12.1383335222001
706.5000000000981,323.48281077314334
706.6000000000981,909.6960334290321
706.7000000000982,1097.6758216351059
706.8000000000982,782.6714696214992
706.9000000000982,415.87322328760285
707.0000000000982,193.49747220680476
707.1000000000982,106.78569523038044
707.2000000000983,97.0009660854509
707.3000000000983,90.72268113357455
707.4000000000983,80.32501384412706
707.5000000000983,79.62107874119401
707.6000000000984,77.59103742765623
707.7000000000984,63.22438015167275
707.8000000000984,51.04073751908394
707.9000000000984,51.92908289428619
708.0000000000985,53.72208598935339
708.1000000000985,49.498519926222954
708.2000000000985,48.69934216642563
708.3000000000985,50.29454028800558
708.4000000000985,36.93367436623129
708.5000000000986,16.31441290491982
708.6000000000986,21.764553016988593
708.7000000000986,49.38016402806771
708.8000000000986,66.58504090338243
708.9000000000987,64.99745905590892
709.0000000000987,51.39029718079336
709.1000000000987,32.74842708675429
709.2000000000987,16.132409199196562
709.3000000000987,9.00018674988613
709.4000000000988,14.974011597057501
709.5000000000988,22.506950500443985
709.6000000000988,23.940290776596036
709.7000000000988,32.40845073450313
709.8000000000989,51.27513023748462
709.9000000000989,56.934126740790006
710.0000000000989,41.673950635215505
710.1000000000989,26.64602819769816
710.200000000099,24.183982313695296
710.300000000099,33.37161050133784
710.400000000099,45.69029785418969
710.500000000099,48.32190822154819
710.600000000099,47.03102046283865
710.7000000000991,56.30901583225324
710.8000000000991,64.26879663707916
710.9000000000991,52.07369691946922
711.0000000000991,33.037585414436876
711.1000000000992,25.622062261905736
711.2000000000992,23.68490826564571
711.3000000000992,20.460122219865898
711.4000000000992,25.340201299974147
711.5000000000992,40.514729686839836
711.6000000000993,46.94290186904289
711.7000000000993,39.512403024929306
711.8000000000993,38.671344814139324
711.9000000000993,48.184578225566646
712.0000000000994,50.52457733577015
712.1000000000994,43.943503863413866
712.2000000000994,40.60930222152022
712.3000000000994,41.10543555480923
712.4000000000995,39.03766178019164
712.5000000000995,35.32812791609796
712.6000000000995,34.48459862957729
712.7000000000995,40.96297189757809
712.8000000000995,54.344716073870785
712.9000000000996,54.6466834106212
713.0000000000996,31.04940435571649
713.1000000000996,13.444793770439944
713.2000000000996,18.857411060492918
713.3000000000997,22.207617036168752
713.4000000000997,17.195571455271594
713.5000000000997,33.59603086114271
713.6000000000997,64.82950947881024
713.7000000000997,62.12884631389562
713.8000000000998,32.788622648985466
713.9000000000998,28.940699077955458
714.0000000000998,43.73691950725867
714.1000000000998,38.49069762212619
714.2000000000999,25.35857429872539
714.3000000000999,32.51672196969296
714.4000000000999,45.0738646537546
714.5000000000999,48.95213531405559
714.6000000001,89.1187742346006
714.7000000001,177.78950433432718
714.8000000001,198.9599192500966
714.9000000001,107.87889986683847
715.0000000001,43.06250038342337
715.1000000001001,58.74569466456306
715.2000000001001,57.50052328107112
715.3000000001001,19.987114316944087
715.4000000001001,19.51268105603854
715.5000000001002,54.94771288614054
715.6000000001002,67.31234967574795
715.7000000001002,53.82763518961055
715.8000000001002,43.260089173786064
715.9000000001002,46.227047120367956
716.0000000001003,60.777743066577806
716.1000000001003,62.32991178523593
716.2000000001003,34.57904824426998
716.3000000001003,14.138550120652452
716.4000000001004,26.96812630854035
716.5000000001004,44.17414093621494
716.6000000001004,43.73741088467379
716.7000000001004,31.162416087355336
716.8000000001005,18.751058668062647
716.9000000001005,22.93794805685383
717.0000000001005,37.57446191593303
717.1000000001005,36.58954536483024
717.2000000001005,24.578051922300354
717.3000000001006,25.421782755036038
717.4000000001006,34.27207197501816
717.5000000001006,34.551952932937326
717.6000000001006,31.022076388523853
717.7000000001007,31.87980785793104
717.8000000001007,25.62494145270619
717.9000000001007,6.331723033594264
718.0000000001007,0.40658215433031275
718.1000000001007,19.439788305119226
718.2000000001008,30.744810848571543
718.3000000001008,22.115979009024336
718.4000000001008,21.148454216457292
718.5000000001008,30.32663735668119
718.6000000001009,21.987417238517757
718.7000000001009,7.5876572798876385
718.8000000001009,26.78426932014235
718.9000000001009,56.327158799568636
719.000000000101,44.57986612115665
719.100000000101,16.16793220764455
719.200000000101,17.10922284751875
719.300000000101,31.435322502593
719.400000000101,34.602905881655346
719.5000000001011,39.88840835948772
719.6000000001011,54.42563186975298
719.7000000001011,50.07130346751368
719.8000000001011,21.501538256555836
719.9000000001012,12.337520245267946
720.0000000001012,32.49955177332346
720.1000000001012,43.53869181057482
720.2000000001012,36.13713170138081
720.3000000001012,30.174327077037688
720.4000000001013,30.61449539238713
720.5000000001013,31.52850782613522
720.6000000001013,27.906522092048704
720.7000000001013,19.014199247929785
720.8000000001014,25.13969399688657
720.9000000001014,59.19752781241985
721.0000000001014,76.19835021807867
721.1000000001014,47.620655142380755
721.2000000001015,28.868308052057206
721.3000000001015,51.1364566361851
721.4000000001015,71.13937819696471
721.5000000001015,67.0066864387416
721.6000000001015,58.45093167611935
721.7000000001016,51.544891882010965
721.8000000001016,36.4297969678781
721.9000000001016,20.03820856320651
722.0000000001016,20.003996031407848
722.1000000001017,32.96437468945307
722.2000000001017,44.88988942038767
722.3000000001017,46.13122303801449
722.4000000001017,33.33654999696854
722.5000000001017,22.59972683186013
722.6000000001018,26.979769344009878
722.7000000001018,35.542365842995906
722.8000000001018,39.57007821602318
722.9000000001018,43.896851858377154
723.0000000001019,48.21371972778002
723.1000000001019,42.52022253659651
723.2000000001019,27.62784701616668
723.3000000001019,16.35739855271907
723.400000000102,15.296113802252108
723.500000000102,24.783373950119127
723.600000000102,35.99745027426296
723.700000000102,36.8483415912787
723.800000000102,26.455803164415197
723.9000000001021,11.370607364510935
724.0000000001021,11.247206220039141
724.1000000001021,35.71696030947143
724.2000000001021,53.37989795820267
724.3000000001022,47.1592248274394
724.4000000001022,46.197396210354164
724.5000000001022,56.57359362100059
724.6000000001022,42.26699597536707
724.7000000001022,7.8365702874170555
724.8000000001023,2.1593774107286903
724.9000000001023,20.86286616173205
725.0000000001023,21.552739049733653
725.1000000001023,13.534353481024182
725.2000000001024,27.8513555539485
725.3000000001024,45.8150927289281
725.4000000001024,39.87291752490704
725.5000000001024,29.72722783558782
725.6000000001025,36.22958702420222
725.7000000001025,45.19765942190669
725.8000000001025,45.75094945952497
725.9000000001025,47.340897211408354
726.0000000001025,52.19360472962946
726.1000000001026,48.52980063498146
726.2000000001026,35.797391911054525
726.3000000001026,25.923671148253764
726.4000000001026,21.7361014232046
726.5000000001027,19.41180484711944
726.6000000001027,21.885661656120572
726.7000000001027,33.18012052936293
726.8000000001027,41.00276184754108
726.9000000001028,37.54011404964507
727.0000000001028,59.305079191271815
727.1000000001028,133.18593045991028
727.2000000001028,225.86005883422834
727.3000000001028,286.08956145328284
727.4000000001029,249.93026284867886
727.5000000001029,131.79248083764978
727.6000000001029,53.90701953548805
727.7000000001029,48.074612129934465
727.800000000103,51.05581198455914
727.900000000103,45.55310554166857
728.000000000103,47.08346516302818
728.100000000103,46.235009518720304
728.200000000103,26.981248978255152
728.3000000001031,8.88376963420953
728.4000000001031,13.825614688768718
728.5000000001031,25.042861999235754
728.6000000001031,26.09165558863398
728.7000000001032,25.256694431001506
728.8000000001032,29.994629295617294
728.9000000001032,38.95605511721414
729.0000000001032,45.77781920953983
729.1000000001033,39.66578133843598
729.2000000001033,25.327937241193098
729.3000000001033,20.39736996785488
729.4000000001033,25.630968960652922
729.5000000001033,30.83641288114284
729.6000000001034,27.73780429393674
729.7000000001034,13.471220865227018
729.8000000001034,7.332555550539197
729.9000000001034,24.683596196173443
730.0000000001035,44.73257759806498
730.1000000001035,47.50162032468419
730.2000000001035,32.36935878639807
730.3000000001035,10.554977425170119
730.4000000001035,7.041313828792996
730.5000000001036,23.00156965080138
730.6000000001036,32.60411397257147
730.7000000001036,29.65117858525161
730.8000000001036,24.419222085447984
730.9000000001037,23.50265043697086
731.0000000001037,29.545365752052998
731.1000000001037,34.97976071421916
731.2000000001037,32.36344497597955
731.3000000001038,31.429606509156503
731.4000000001038,39.02771603410496
731.5000000001038,41.0802844113065
731.6000000001038,31.534594462292535
731.7000000001038,26.859336261350656
731.8000000001039,31.671510247324544
731.9000000001039,31.475595250447107
732.0000000001039,23.674029209363514
732.1000000001039,18.199621341192938
732.200000000104,22.33240139337194
732.300000000104,38.90514115411273
732.400000000104,52.715797939378824
732.500000000104,47.329058709931054
732.600000000104,43.34193105039736
732.7000000001041,58.17686630422204
732.8000000001041,57.7875253613654
732.9000000001041,25.267684326159454
733.0000000001041,8.570446894900627
733.1000000001042,27.914385511453077
733.2000000001042,45.17206963833376
733.3000000001042,44.283205223810675
733.4000000001042,39.30829323023957
733.5000000001043,35.92975830237086
733.6000000001043,32.37605220522506
733.7000000001043,30.81131737652256
733.8000000001043,34.0490855193426
733.9000000001043,35.008841966002144
734.0000000001044,27.4136933120904
734.1000000001044,23.22537322452537
734.2000000001044,32.35386429482734
734.3000000001044,46.81554569152998
734.4000000001045,57.28079233368198
734.5000000001045,57.550928029033535
734.6000000001045,46.0820714419679
734.7000000001045,27.28346389619911
734.8000000001045,13.902897665812798
734.9000000001046,23.524990241561422
735.0000000001046,48.58105502531277
735.1000000001046,67.84548546075328
735.2000000001046,74.96355237849474
735.3000000001047,71.08084575478175
735.4000000001047,62.163263486366375
735.5000000001047,52.60162165189495
735.6000000001047,37.872192497842185
735.7000000001048,20.701237084185596
735.8000000001048,21.71409931383562
735.9000000001048,40.7854041914477
736.0000000001048,46.61848801998999
736.1000000001048,36.36639047428697
736.2000000001049,35.41067027650298
736.3000000001049,42.4169287158666
736.4000000001049,39.49108221810063
736.5000000001049,28.818333310168185
736.600000000105,21.31852748343733
736.700000000105,23.502534729780685
736.800000000105,37.85702920178257
736.900000000105,58.15575901984346
737.000000000105,78.39889961147985
737.1000000001051,97.078352761125
737.2000000001051,109.48899722194032
737.3000000001051,105.7589983315883
737.4000000001051,92.00860756942335
737.5000000001052,89.51762675114547
737.6000000001052,89.2596069194374
737.7000000001052,67.3234699119514
737.8000000001052,66.05331957229389
737.9000000001053,127.55403102140636
738.0000000001053,111.32223706453826
738.1000000001053,3.8221745510441565
738.2000000001053,458.050392090314
738.3000000001053,1605.5928268838147
738.4000000001054,2018.7907026933726
738.5000000001054,1191.9319826004685
738.6000000001054,421.91583224731585
738.7000000001054,249.09928585289083
738.8000000001055,221.18085580349265
738.9000000001055,153.0332839346386
739.0000000001055,97.88489652994046
739.1000000001055,74.69376849809659
739.2000000001055,76.67712285070917
739.3000000001056,70.27651997873159
739.4000000001056,33.84934377542715
739.5000000001056,23.05054600908459
739.6000000001056,66.35286687448185
739.7000000001057,84.91559860662741
739.8000000001057,48.599970424483644
739.9000000001057,30.386757873486335
740.0000000001057,48.92797531136791
740.1000000001058,54.35100218103523
740.2000000001058,37.75067371071861
740.3000000001058,22.607612035923598
740.4000000001058,15.433855369643716
740.5000000001058,13.765647193648014
740.6000000001059,17.182939416670465
740.7000000001059,24.707940529831546
740.8000000001059,30.626993414201287
740.9000000001059,31.627631927881275
741.000000000106,32.72737714720639
741.100000000106,38.428410780536964
741.200000000106,49.95249792642468
741.300000000106,55.294319863101094
741.400000000106,31.48995530465432
741.5000000001061,3.4779509134456674
741.6000000001061,22.680558450907416
741.7000000001061,52.574638292844064
741.8000000001061,31.080835021712844
741.9000000001062,4.905968007358831
742.0000000001062,28.0677748331846
742.1000000001062,49.59842059118903
742.2000000001062,32.73764792975605
742.3000000001063,26.603931540928972
742.4000000001063,52.34386230467251
742.5000000001063,69.74940667064031
742.6000000001063,59.9064821496933
742.7000000001063,32.58188195609996
742.8000000001064,5.065864535090988
742.9000000001064,-3.2164984984341674
743.0000000001064,8.403578078791334
743.1000000001064,29.639593551301868
743.2000000001065,40.9995025631448
743.3000000001065,31.21281047847164
743.4000000001065,25.805529381133134
743.5000000001065,40.05440950223075
743.6000000001065,50.78594409885139
743.7000000001066,43.95597688678914
743.8000000001066,26.57799791220449
743.9000000001066,16.69074285493451
744.0000000001066,38.19110195979319
744.1000000001067,73.3501434605133
744.2000000001067,81.45640522113436
744.3000000001067,59.68654690381094
744.4000000001067,24.515130929253953
744.5000000001068,2.2120080949790744
744.6000000001068,8.773939924798283
744.7000000001068,20.88208147407913
744.8000000001068,22.615973162567762
744.9000000001068,26.85157628189936
745.0000000001069,35.36405252007069
745.1000000001069,31.709366941735574
745.2000000001069,17.001966984157306
745.3000000001069,8.367436790274997
745.400000000107,13.71300400689951
745.500000000107,31.953636993752202
745.600000000107,42.04080417225773
745.700000000107,24.795641067188086
745.800000000107,1.5854267524208043
745.9000000001071,-4.2083749775398385
746.0000000001071,8.260620735952536
746.1000000001071,28.028637926457748
746.2000000001071,30.7498190914938
746.3000000001072,16.179077400133036
746.4000000001072,12.402477600743357
746.5000000001072,24.20736096099181
746.6000000001072,37.54028984194394
746.7000000001073,46.3720793574103
746.8000000001073,49.9951463610816
746.9000000001073,52.127155204448464
747.0000000001073,55.13225611342954
747.1000000001073,51.28461937125377
747.2000000001074,39.905613912288786
747.3000000001074,41.01400056258876
747.4000000001074,53.692330551130965
747.5000000001074,43.07302970306511
747.6000000001075,17.450274783541214
747.7000000001075,26.405242095338117
747.8000000001075,55.12629263224033
747.9000000001075,52.76199241924391
748.0000000001075,34.50019516100405
748.1000000001076,36.71346067134504
748.2000000001076,55.230493090528924
748.3000000001076,73.06892963450515
748.4000000001076,70.25460491430444
748.5000000001077,44.05060028738009
748.6000000001077,25.05948115777647
748.7000000001077,27.282781860539405
748.8000000001077,39.12760785111673
748.9000000001078,50.73038933506561
749.0000000001078,55.81642781005849
749.1000000001078,55.2395522156138
749.2000000001078,54.00100228967247
749.3000000001078,58.21823556499945
749.4000000001079,69.91895699924554
749.5000000001079,74.50284117044328
749.6000000001079,65.09732052480393
749.7000000001079,62.107750553254725
749.800000000108,75.93943977807103
749.900000000108,95.42879262460629
750.000000000108,111.26709190614577
750.100000000108,131.4047407721904
750.200000000108,334.71909208631297
750.3000000001081,920.8285668856158
750.4000000001081,1367.627632705826
750.5000000001081,1060.274607826228
750.6000000001081,467.1945702488758
750.7000000001082,196.54708548257778
750.8000000001082,350.4141736787631
750.9000000001082,801.0462565956424
751.0000000001082,1166.9425010022755
751.1000000001083,1248.5213198044519
751.2000000001083,1116.3036752620258
751.3000000001083,1017.8311775502187
751.4000000001083,1258.7342199049187
751.5000000001083,1459.1621119626225
751.6000000001084,1044.1707783254535
751.7000000001084,441.1642573138236
751.8000000001084,217.6859105631915
751.9000000001084,201.708155988583
752.0000000001085,168.5514089959379
752.1000000001085,136.6681085372213
752.2000000001085,125.59156566029938
752.3000000001085,109.80216280193136
752.4000000001085,83.8360222054459
752.5000000001086,63.79280892752127
752.6000000001086,53.210314101270946
752.7000000001086,46.87804735901687
752.8000000001086,38.13990984524616
752.9000000001087,25.34601177337511
753.0000000001087,29.738966576233707
753.1000000001087,56.16715263938669
753.2000000001087,52.270914130376056
753.3000000001088,8.133850571392973
753.4000000001088,-2.4228295099173787
753.5000000001088,29.939175589449263
753.6000000001088,39.893221499741266
753.7000000001088,28.98719263053651
753.8000000001089,41.699723755369
753.9000000001089,57.12303154518987
754.0000000001089,38.01369041783304
754.1000000001089,18.611405780026068
754.200000000109,32.23051057951555
754.300000000109,46.347551503841956
754.400000000109,38.09740763357812
754.500000000109,25.493416334739305
754.600000000109,20.298348638860023
754.7000000001091,20.916613523878073
754.8000000001091,24.184485118349095
754.9000000001091,27.12402470319322
755.0000000001091,33.841921356216226
755.1000000001092,48.540079445535795
755.2000000001092,55.82357000440054
755.3000000001092,42.54144388222796
755.4000000001092,24.722022008394877
755.5000000001093,16.70973617170365
755.6000000001093,16.744695519595673
755.7000000001093,22.961263823005382
755.8000000001093,35.459744394220536
755.9000000001093,42.88780523927722
756.0000000001094,27.13923894579113
756.1000000001094,5.322268431256908
756.2000000001094,7.925113394510836
756.3000000001094,23.429366376942856
756.4000000001095,31.85848794089215
756.5000000001095,38.72277133057184
756.6000000001095,46.49371929977634
756.7000000001095,38.05754797467234
756.8000000001095,13.740534184524833
756.9000000001096,2.0819875484697015
757.0000000001096,10.495491500410298
757.1000000001096,24.332004776981663
757.2000000001096,29.731780402562052
757.3000000001097,17.91707554128042
757.4000000001097,5.968041805259089
757.5000000001097,11.548415613179724
757.6000000001097,15.327829852034501
757.7000000001098,5.311507246429715
757.8000000001098,8.203723505417443
757.9000000001098,29.09391923855725
758.0000000001098,32.735877444760646
758.1000000001098,15.787238831592461
758.2000000001099,7.6244589130660785
758.3000000001099,9.831506203273888
758.4000000001099,8.469995017826255
758.5000000001099,11.95397968338165
758.60000000011,30.128806743429976
758.70000000011,41.06194394061815
758.80000000011,30.89764389442979
758.90000000011,25.615051507322708
759.00000000011,36.321514153139034
759.1000000001101,41.564030559605996
759.2000000001101,31.809304333065633
759.3000000001101,13.479173005962432
759.4000000001101,3.240333199702356
759.5000000001102,18.53071632885262
759.6000000001102,38.89239051340568
759.7000000001102,38.40244823559587
759.8000000001102,34.230233454309655
759.9000000001103,42.98607321395708
760.0000000001103,51.91175662763094
760.1000000001103,52.754546819130326
760.2000000001103,51.41479362960707
760.3000000001103,46.9281739842113
760.4000000001104,31.52261856028987
760.5000000001104,15.997759627876455
760.6000000001104,18.982396980117457
760.7000000001104,26.988078079848773
760.8000000001105,21.646190115369112
760.9000000001105,20.04459143252549
761.0000000001105,34.161549247480785
761.1000000001105,40.6944434833776
761.2000000001105,30.59583212228382
761.3000000001106,25.169776606454313
761.4000000001106,31.214973646345907
761.5000000001106,38.33009440363689
761.6000000001106,38.19063833817919
761.7000000001107,27.768760877728486
761.8000000001107,27.01876469446478
761.9000000001107,52.414270589770744
762.0000000001107,69.27439643620814
762.1000000001108,52.33727474845453
762.2000000001108,29.92137428705688
762.3000000001108,26.1879581537216
762.4000000001108,45.955956711061035
762.5000000001108,74.35829792695957
762.6000000001109,81.58548530202147
762.7000000001109,67.73376601572673
762.8000000001109,58.75283201193131
762.9000000001109,123.45708120864067
763.000000000111,259.96989797790116
763.100000000111,139.02153121196153
763.200000000111,-83.92633388546557
763.300000000111,1002.9564895551791
763.400000000111,3184.727694709414
763.5000000001111,3768.4265964771434
763.6000000001111,2467.2215708450367
763.7000000001111,1251.8585925524098
763.8000000001111,657.0390217690044
763.9000000001112,357.0974833046875
764.0000000001112,219.48568932576416
764.1000000001112,182.1148535247528
764.2000000001112,169.54401445070584
764.3000000001113,135.18976212064797
764.4000000001113,100.02775569902835
764.5000000001113,83.64245461106732
764.6000000001113,90.68748056978745
764.7000000001113,99.7097551767225
764.8000000001114,74.41581418701625
764.9000000001114,38.83703982036984
765.0000000001114,38.84228345032249
765.1000000001114,61.91346558440557
765.2000000001115,79.85781304475805
765.3000000001115,76.45842704565058
765.4000000001115,55.18720003798364
765.5000000001115,51.923150329003214
765.6000000001115,68.5298128288002
765.7000000001116,64.15896286944485
765.8000000001116,44.88939013210873
765.9000000001116,46.101043698694866
766.0000000001116,30.69456684662641
766.1000000001117,-27.79479626767148
766.2000000001117,60.759990513470534
766.3000000001117,388.5542525273334
766.4000000001117,598.5876620462773
766.5000000001118,492.52397474371674
766.6000000001118,276.08351107531286
766.7000000001118,108.3296732345229
766.8000000001118,47.32256653713468
766.9000000001118,57.155375437205315
767.0000000001119,52.89635175531211
767.1000000001119,32.08908471937147
767.2000000001119,21.20116147401543
767.3000000001119,20.25285153036313
767.400000000112,23.170130155707085
767.500000000112,25.496273782819138
767.600000000112,25.40357848633316
767.700000000112,24.554456212575474
767.800000000112,22.925201322650913
767.9000000001121,19.065915052572013
768.0000000001121,16.03416190320442
768.1000000001121,18.56669621767817
768.2000000001121,25.40461229255173
768.3000000001122,32.05774225566681
768.4000000001122,30.502955384733223
768.5000000001122,21.54923631300612
768.6000000001122,25.228402305435864
768.7000000001123,43.167770475216564
768.8000000001123,51.73222789750948
768.9000000001123,48.03729347766848
769.0000000001123,45.602146316023635
769.1000000001123,44.21502619694201
769.2000000001124,38.916952794004295
769.3000000001124,36.10963335575101
769.4000000001124,35.50393174553407
769.5000000001124,9.080635891217693
769.6000000001125,-0.8326484585694871
769.7000000001125,167.1836553121443
769.8000000001125,412.4147901814204
769.9000000001125,375.86988530833423
770.0000000001125,132.06322004404817
770.1000000001126,8.124656924592585
770.2000000001126,15.326081954851768
770.3000000001126,47.67799669271203
770.4000000001126,56.24067376573992
770.5000000001127,30.005215044372335
770.6000000001127,12.461704006999314
770.7000000001127,21.620086788762887
770.8000000001127,29.99922208052826
770.9000000001128,31.052375523224292
771.0000000001128,37.29477142345832
771.1000000001128,38.863289657677136
771.2000000001128,20.729284493626352
771.3000000001128,6.883938815380592
771.4000000001129,20.38713863750959
771.5000000001129,42.23306570528153
771.6000000001129,52.61463789774981
771.7000000001129,45.78341504105848
771.800000000113,39.62232025289317
771.900000000113,70.75724201439485
772.000000000113,91.81515527417656
772.100000000113,52.45410589908664
772.200000000113,306.4191923062232
772.3000000001131,1099.7427133501233
772.4000000001131,1536.2877772412148
772.5000000001131,1027.2423043628776
772.6000000001131,394.08692670718256
772.7000000001132,151.0808774992129
772.8000000001132,77.52968897981923
772.9000000001132,45.066251338831
773.0000000001132,56.14177308077783
773.1000000001133,79.96935366310126
773.2000000001133,74.07359122193554
773.3000000001133,45.0310290527453
773.4000000001133,15.20130286175295
773.5000000001133,5.374207145100106
773.6000000001134,19.130469861278605
773.7000000001134,29.860693837431455
773.8000000001134,27.14052008670616
773.9000000001134,22.076766249317995
774.0000000001135,23.567154468451662
774.1000000001135,34.62377598464243
774.2000000001135,33.85756670240083
774.3000000001135,5.482805715865589
774.4000000001136,-4.8555747318216635
774.5000000001136,26.20367128958614
774.6000000001136,38.22101997936625
774.7000000001136,10.744213005213284
774.8000000001136,-7.603870147353844
774.9000000001137,-3.2698682912290584
775.0000000001137,4.763741909378689
775.1000000001137,11.518788281143262
775.2000000001137,18.923255131697086
775.3000000001138,24.421181452467753
775.4000000001138,25.403129263759748
775.5000000001138,23.018002070493555
775.6000000001138,17.60464517738339
775.7000000001138,7.344590295290493
775.8000000001139,-2.2368559651859097
775.9000000001139,0.33579744950620366
776.0000000001139,6.164185825851922
776.1000000001139,-0.8491167193028195
776.200000000114,-1.386269370373799
776.300000000114,22.255717753502424
776.400000000114,36.11233565704177
776.500000000114,22.647670681428767
776.600000000114,19.004315094518248
776.7000000001141,28.07025384211528
776.8000000001141,8.790228701422656
776.9000000001141,7.095090465714913
777.0000000001141,112.28079687421297
777.1000000001142,234.90301016862182
777.2000000001142,251.17807888590875
777.3000000001142,233.8892976354523
777.4000000001142,248.84286450840042
777.5000000001143,222.4328805206073
777.6000000001143,134.7366839996127
777.7000000001143,69.21531598595952
777.8000000001143,48.00840528812639
777.9000000001143,35.9372332736491
778.0000000001144,30.679914197158794
778.1000000001144,40.898256377547206
778.2000000001144,37.63683833266421
778.3000000001144,3.817414073089169
778.4000000001145,-11.221901160406887
778.5000000001145,14.277519355233926
778.6000000001145,37.674784563329325
778.7000000001145,41.02411471452463
778.8000000001146,36.76604751119402
778.9000000001146,28.458856551749786
779.0000000001146,15.432843449730212
779.1000000001146,9.100524626711529
779.2000000001146,18.07697298288382
779.3000000001147,27.334467908435865
779.4000000001147,25.03785844259695
779.5000000001147,14.932538409610824
779.6000000001147,7.200359332879598
779.7000000001148,15.650573275173945
779.8000000001148,31.37740503251259
779.9000000001148,33.268964626698214
780.0000000001148,25.86045433368441
780.1000000001148,21.46119262799269
780.2000000001149,21.213405665473374
780.3000000001149,21.922578184585934
780.4000000001149,16.993466246074146
780.5000000001149,9.786766732652431
780.600000000115,15.642554721512552
780.700000000115,28.550967647467086
780.800000000115,28.047174198966985
780.900000000115,15.298786973821723
781.000000000115,0.9185410009388124
781.1000000001151,-7.842078954947087
781.2000000001151,-6.941439702751181
781.3000000001151,2.038142003563595
781.4000000001151,13.187938207774229
781.5000000001152,16.28649661391897
781.6000000001152,12.63087253576938
781.7000000001152,12.412029530693053
781.8000000001152,14.913365355671656
781.9000000001153,15.017024518329045
782.0000000001153,13.875416851773993
782.1000000001153,13.1504429571722
782.2000000001153,10.990633691132835
782.3000000001153,7.688011149418641
782.4000000001154,7.561439749073903
782.5000000001154,11.52241373133638
782.6000000001154,16.69935945458661
782.7000000001154,17.367649770663068
782.8000000001155,9.345828107848874
782.9000000001155,4.048235600054346
783.0000000001155,10.095926233644468
783.1000000001155,13.994534235656857
783.2000000001156,8.0616668058841
783.3000000001156,0.7170526591870443
783.4000000001156,-0.0029118605017504073
783.5000000001156,10.563630614431364
783.6000000001156,21.619262852380526
783.7000000001157,17.797215030288537
783.8000000001157,8.368677304568939
783.9000000001157,5.712016568808658
784.0000000001157,6.004076171147889
784.1000000001158,5.6864496672435125
784.2000000001158,6.954594941263655
784.3000000001158,10.031402735487045
784.4000000001158,12.402873055898695
784.5000000001158,10.67422970195652
784.6000000001159,3.229301295443924
784.7000000001159,1.4181066302700378
784.8000000001159,13.729544032383275
784.9000000001159,24.832082931090007
785.000000000116,25.465196225483645
785.100000000116,25.688131168440425
785.200000000116,27.002249544679735
785.300000000116,20.516926709554127
785.400000000116,9.262432107903065
785.5000000001161,3.1386840607367597
785.6000000001161,5.425513138888087
785.7000000001161,12.417520011438405
785.8000000001161,5.87097581361389
785.9000000001162,-13.863668583757551
786.0000000001162,-7.859040280459556
786.1000000001162,19.660709783691086
786.2000000001162,17.58983673008242
786.3000000001163,-4.28060632935183
786.4000000001163,-3.7424737155042163
786.5000000001163,7.392379182447037
786.6000000001163,7.026563963603489
786.7000000001163,7.043318805127027
786.8000000001164,15.388538808360298
786.9000000001164,19.571839813128516
787.0000000001164,12.607774021359331
787.1000000001164,-2.7557150184586194
787.2000000001165,-10.029272544033217
787.3000000001165,8.689378084486817
787.4000000001165,27.371949968031075
787.5000000001165,19.792687714926256
787.6000000001166,13.526833042174058
787.7000000001166,25.013835039918195
787.8000000001166,29.935279145840465
787.9000000001166,22.7218291346245
788.0000000001166,21.39665815932553
788.1000000001167,23.37100965589377
788.2000000001167,16.40231157384033
788.3000000001167,14.536762022824051
788.4000000001167,29.76295029224029
788.5000000001168,36.007216632507934
788.6000000001168,20.84107419558753
788.7000000001168,10.09479443672847
788.8000000001168,14.724999283963447
788.9000000001168,25.57827901367151
789.0000000001169,34.414220907439436
789.1000000001169,34.88716689196422
789.2000000001169,24.718587503257904
789.3000000001169,8.07757952954967
789.400000000117,4.52263664363444
789.500000000117,18.58785944762983
789.600000000117,24.18637620569436
789.700000000117,17.297650986381093
789.800000000117,17.419606409845294
789.9000000001171,20.30048014279205
790.0000000001171,11.937931367533935
790.1000000001171,6.205776456248237
790.2000000001171,15.125658565785956
790.3000000001172,17.58168097911271
790.4000000001172,7.277153597043805
790.5000000001172,11.206855361252183
790.6000000001172,26.435309629998322
790.7000000001173,21.910268334614162
790.8000000001173,4.978941355584801
790.9000000001173,0.3117200947418679
791.0000000001173,7.2192134480068795
791.1000000001173,16.528502192537815
791.2000000001174,18.13620685774374
791.3000000001174,12.857352809576943
791.4000000001174,17.627447287384726
791.5000000001174,29.490509700604708
791.6000000001175,28.7348347679093
791.7000000001175,17.566175292658915
791.8000000001175,8.534651417473388
791.9000000001175,7.525007525866536
792.0000000001176,13.533749401595784
792.1000000001176,13.463424785689938
792.2000000001176,7.302291936958548
792.3000000001176,14.625278147256033
792.4000000001176,26.2561764790447
792.5000000001177,14.26378812235272
792.6000000001177,0.9744293682449015
792.7000000001177,16.715442262017703
792.8000000001177,24.36879973193905
792.9000000001178,0.721805488621259
793.0000000001178,-7.010148979635526
793.1000000001178,14.645370746478905
793.2000000001178,25.437982763230437
793.3000000001178,19.234290575580395
793.4000000001179,15.870184557766066
793.5000000001179,19.148380463341773
793.6000000001179,26.328056032953207
793.7000000001179,36.7118728423208
793.800000000118,46.28058646095089
793.900000000118,43.75965481386452
794.000000000118,29.75468280363234
794.100000000118,19.722900957117876
794.200000000118,30.869551312962002
794.3000000001181,67.10213842603501
794.4000000001181,48.318748383810814
794.5000000001181,-16.36407313948699
794.6000000001181,263.97933538651193
794.7000000001182,895.6709570721788
794.8000000001182,1097.6442955038015
794.9000000001182,734.3650078636623
795.0000000001182,369.4616415487759
795.1000000001183,178.3872503704252
795.2000000001183,95.74439103756002
795.3000000001183,76.85161188798155
795.4000000001183,81.57194326525494
795.5000000001183,61.993919379735694
795.6000000001184,13.531606828194072
795.7000000001184,-2.8524205536985203
795.8000000001184,22.293458603793887
795.9000000001184,49.27250706139681
796.0000000001185,47.68697363832006
796.1000000001185,6.979853532178284
796.2000000001185,-21.239326639561373
796.3000000001185,-2.617128061062137
796.4000000001186,18.468501011801738
796.5000000001186,20.97198966066985
796.6000000001186,27.34239432780385
796.7000000001186,35.910630876083275
796.8000000001186,29.690587788560844
796.9000000001187,26.28824148960159
797.0000000001187,41.9918587547094
797.1000000001187,35.61305172524331
797.2000000001187,-2.9206099312286096
797.3000000001188,-0.59182690938517
797.4000000001188,43.992176136360186
797.5000000001188,50.34620616046125
797.6000000001188,24.98722030528725
797.7000000001188,20.555078695807083
797.8000000001189,26.06141629904313
797.9000000001189,19.137279844150928
798.0000000001189,9.598042156867583
798.1000000001189,8.531965357562237
798.200000000119,19.01606028007849
798.300000000119,32.38772225292424
798.400000000119,32.05631553056206
798.500000000119,20.47842185730858
798.600000000119,9.928269637357698
798.7000000001191,11.679617563909847
798.8000000001191,26.740772870306387
798.9000000001191,33.01746125660442
799.0000000001191,26.20203391529657
799.1000000001192,27.983719689671574
799.2000000001192,33.55866017691714
799.3000000001192,22.064641589021612
799.4000000001192,7.716750641683695
799.5000000001193,10.095184251041138
799.6000000001193,15.648672515673248
799.7000000001193,16.317792484785045
799.8000000001193,27.443787444810766
799.9000000001193,44.18622720475309
800.0000000001194,40.712042240862864
800.1000000001194,25.85956069162774
800.2000000001194,28.53912820986939
800.3000000001194,70.1180109796876
800.4000000001195,165.95004753508607
800.5000000001195,320.469388743383
800.6000000001195,456.7458300551431
800.7000000001195,392.75404544768656
800.8000000001196,191.18680542622445
800.9000000001196,94.50189938797365
801.0000000001196,69.00728452138407
801.1000000001196,23.452569854159435
801.2000000001196,168.76608153570996
801.3000000001197,573.5167978049262
801.4000000001197,851.2975277217953
801.5000000001197,805.6881030977768
801.6000000001197,539.0901742432723
801.7000000001198,238.3006383710468
801.8000000001198,95.11596249046343
801.9000000001198,70.40628238552338
802.0000000001198,66.83681150125304
802.1000000001198,63.68647140032203
802.2000000001199,57.138800235951926
802.3000000001199,47.593753493129455
802.4000000001199,37.87224153130022
802.5000000001199,32.81531782354298
802.60000000012,38.670252186500726
802.70000000012,56.41872302096675
802.80000000012,61.58988909714817
802.90000000012,40.77238832932015
803.00000000012,20.466831774248654
803.1000000001201,18.304308164727477
803.2000000001201,32.78149952706685
803.3000000001201,44.37722769643592
803.4000000001201,30.316525757902188
803.5000000001202,19.37621702936501
803.6000000001202,40.71705046151164
803.7000000001202,63.798474266305476
803.8000000001202,63.08989991102609
803.9000000001203,41.88197209355642
804.0000000001203,22.910588115282664
804.1000000001203,37.515486464999746
804.2000000001203,56.023515179252044
804.3000000001203,35.14507707335186
804.4000000001204,10.558469161341433
804.5000000001204,15.490593250921279
804.6000000001204,28.90139637381462
804.7000000001204,31.372029626970793
804.8000000001205,16.853773835656085
804.9000000001205,6.062061053289745
805.0000000001205,27.157499313597565
805.1000000001205,44.934472309391396
805.2000000001206,24.778039347635456
805.3000000001206,6.588124939365481
805.4000000001206,14.794197038471626
805.5000000001206,25.8982100276878
805.6000000001206,31.47290228147395
805.7000000001207,39.04422380954854
805.8000000001207,41.084651119507164
805.9000000001207,28.999240234822867
806.0000000001207,22.311407388851375
806.1000000001208,30.387497866440345
806.2000000001208,25.704232676926466
806.3000000001208,9.220220326464624
806.4000000001208,17.167245967432766
806.5000000001208,37.83077057704178
806.6000000001209,35.184633055518404
806.7000000001209,20.638634049245862
806.8000000001209,14.440455454000125
806.9000000001209,14.257545912477182
807.000000000121,18.44928180981364
807.100000000121,31.512419320789185
807.200000000121,40.31707926424027
807.300000000121,22.524774969629334
807.400000000121,1.854577388321364
807.5000000001211,10.45747056699572
807.6000000001211,32.040723854643524
807.7000000001211,43.61312016855475
807.8000000001211,32.52450328147703
807.9000000001212,13.17335780284762
808.0000000001212,22.02736722014608
808.1000000001212,38.0451077837527
808.2000000001212,21.111964745171512
808.3000000001213,7.456582776505197
808.4000000001213,28.258738585767247
808.5000000001213,43.04191188860584
808.6000000001213,34.51053368076618
808.7000000001213,30.152135875540495
808.8000000001214,37.43036118031738
808.9000000001214,46.34420447359076
809.0000000001214,45.341894842471994
809.1000000001214,30.8469191706848
809.2000000001215,26.235148406901942
809.3000000001215,40.917220763893035
809.4000000001215,52.25883260708099
809.5000000001215,50.7050777545428
809.6000000001216,43.829053266972984
809.7000000001216,57.65000548379725
809.8000000001216,103.06083015613699
809.9000000001216,92.73710435373931
810.0000000001216,56.970154230176234
810.1000000001217,314.7127196989677
810.2000000001217,843.9054857460181
810.3000000001217,1212.635669569777
810.4000000001217,1198.9792251340853
810.5000000001218,795.6593262631968
810.6000000001218,361.6857782825785
810.7000000001218,204.64505682837736
810.8000000001218,190.14439158203373
810.9000000001218,210.57107213683022
811.0000000001219,285.02110949336395
811.1000000001219,295.6713321045182
811.2000000001219,172.90982958726676
811.3000000001219,886.8851253674056
811.400000000122,2912.5809149514366
811.500000000122,3789.790668133864
811.600000000122,2455.892027521269
811.700000000122,1121.132513255789
811.800000000122,650.3325945625261
811.9000000001221,442.4518766770844
812.0000000001221,284.82970222575057
812.1000000001221,182.0730815796923
812.2000000001221,139.65255565648215
812.3000000001222,141.02763388789705
812.4000000001222,127.30696566424211
812.5000000001222,88.38730888983302
812.6000000001222,68.71860337994366
812.7000000001223,71.57572338996061
812.8000000001223,76.39807088761722
812.9000000001223,72.3761422084084
813.0000000001223,60.026401978543504
813.1000000001223,59.35555225095464
813.2000000001224,70.0697677456026
813.3000000001224,64.57477024250488
813.4000000001224,46.76289704029883
813.5000000001224,39.503724185867576
813.6000000001225,41.32071022632381
813.7000000001225,43.665960864132785
813.8000000001225,43.58687213230539
813.9000000001225,40.217933936913745
814.0000000001226,34.489015823749526
814.1000000001226,30.17006647883309
814.2000000001226,31.79826212954392
814.3000000001226,33.97191679834034
814.4000000001226,30.797259284998308
814.5000000001227,29.236768386820845
814.6000000001227,31.562089985723073
814.7000000001227,27.65281838197134
814.8000000001227,19.17634873492341
814.9000000001228,18.303776143625033
815.0000000001228,22.997041550853055
815.1000000001228,25.689080341861995
815.2000000001228,25.876886314106148
815.3000000001228,22.712601931750573
815.4000000001229,11.552486554174422
815.5000000001229,0.2396239054991085
815.6000000001229,7.482437755383177
815.7000000001229,22.541760340634585
815.800000000123,22.621830598889222
815.900000000123,8.687704672535993
816.000000000123,-5.093655144319973
816.100000000123,8.658433755802402
816.200000000123,39.200471804655706
816.3000000001231,33.20432124777273
816.4000000001231,4.730239459676049
816.5000000001231,2.1043376368009623
816.6000000001231,14.565635804476674
816.7000000001232,19.26243700511228
816.8000000001232,13.923371042389554
816.9000000001232,8.534468823366298
817.0000000001232,22.574145436894685
817.1000000001233,39.76236221037441
817.2000000001233,26.628545464573794
817.3000000001233,5.761513026935604
817.4000000001233,5.806178190582818
817.5000000001234,10.931643187121699
817.6000000001234,7.953132404716647
817.7000000001234,0.1565351932259209
817.8000000001234,-5.773441566259286
817.9000000001234,-1.9307921039147957
818.0000000001235,16.77489217821234
818.1000000001235,48.399925158534536
818.2000000001235,72.01761918596183
818.3000000001235,76.39885653405076
818.4000000001236,72.3412159001413
818.5000000001236,61.75071628878564
818.6000000001236,40.43766262933923
818.7000000001236,31.26207862956266
818.8000000001236,52.73734681696241
818.9000000001237,62.476695934375414
819.0000000001237,36.4862988921461
819.1000000001237,8.818403315531505
819.2000000001237,11.296705546929307
819.3000000001238,60.355064630606336
819.4000000001238,110.09797171347701
819.5000000001238,104.96409386611869
819.6000000001238,73.27791945167579
819.7000000001239,46.14802968732264
819.8000000001239,20.006774532443924
819.9000000001239,1.7704316783112057
820.0000000001239,9.610830981883
820.1000000001239,28.70986974875613
820.200000000124,32.728792673941655
820.300000000124,23.162127492842544
820.400000000124,11.774837564390218
820.500000000124,15.478117851690413
820.600000000124,32.11720344989022
820.7000000001241,39.522063073388985
820.8000000001241,29.78925041599392
820.9000000001241,8.322955162257713
821.0000000001241,1.1885597003933728
821.1000000001242,19.138502413457278
821.2000000001242,27.127709491557663
821.3000000001242,18.758874702454275
821.4000000001242,24.11318071825084
821.5000000001243,37.54979845027514
821.6000000001243,36.32427090827001
821.7000000001243,24.58641914431034
821.8000000001243,13.265845585674189
821.9000000001244,10.01362757380462
822.0000000001244,19.217937914238405
822.1000000001244,39.97976323308426
822.2000000001244,49.710802974193015
822.3000000001244,23.85285614093321
822.4000000001245,-5.05904414070848
822.5000000001245,-5.553207187854644
822.6000000001245,8.246218758617587
822.7000000001245,19.697066559522927
822.8000000001246,18.568772916704773
822.9000000001246,8.812098374857342
823.0000000001246,0.9570857972835838
823.1000000001246,-6.371972693792218
823.2000000001246,-12.935604925041174
823.3000000001247,-5.327371816557157
823.4000000001247,16.616901003344655
823.5000000001247,34.800998438084186
823.6000000001247,41.889771005064674
823.7000000001248,38.72144866872379
823.8000000001248,27.910903349718684
823.9000000001248,14.709618170332126
824.0000000001248,9.396803353212094
824.1000000001249,13.905033976778528
824.2000000001249,18.861871886398205
824.3000000001249,18.422427503701215
824.4000000001249,10.77179575566083
824.5000000001249,0.48036289017735956
824.600000000125,-5.246917124215972
824.700000000125,1.8300504249535954
824.800000000125,17.3787452881729
824.900000000125,22.471017541741674
825.000000000125,17.48176389762098
825.1000000001251,13.797989857730581
825.2000000001251,10.22067223663854
825.3000000001251,4.983754191044609
825.4000000001251,5.276756855229683
825.5000000001252,13.939447406520719
825.6000000001252,26.385542378169145
825.7000000001252,35.62334080879624
825.8000000001252,36.57061505217676
825.9000000001253,40.541998163815734
826.0000000001253,49.83472188644504
826.1000000001253,34.999829161311915
826.2000000001253,82.21427079228678
826.3000000001254,386.34804707120776
826.4000000001254,680.941465720033
826.5000000001254,540.4130209942465
826.6000000001254,245.713130639761
826.7000000001254,124.89254951544225
826.8000000001255,86.78382274820721
826.9000000001255,47.83466645286283
827.0000000001255,9.731071338776959
827.1000000001255,2.3985719783627353
827.2000000001256,49.70791744215599
827.3000000001256,76.93088627229467
827.4000000001256,36.08974905392501
827.5000000001256,6.856390168328174
827.6000000001256,17.559947107636784
827.7000000001257,20.615535187400475
827.8000000001257,9.523204783144891
827.9000000001257,3.5726428346122026
828.0000000001257,16.93011363599476
828.1000000001258,42.775642260999554
828.2000000001258,34.09197635693682
828.3000000001258,-1.85237691812583
828.4000000001258,-0.5405434947304881
828.5000000001259,22.666193816325094
828.6000000001259,20.372921147583902
828.7000000001259,7.8371140874485645
828.8000000001259,3.3594119952610146
828.9000000001259,-2.9508985754238597
829.000000000126,-10.001814936998295
829.100000000126,-3.8205989414832158
829.200000000126,10.988319855614847
829.300000000126,20.557002868311844
829.400000000126,14.540553775101374
829.5000000001261,0.6586270661691271
829.6000000001261,16.73548353834485
829.7000000001261,44.7353440623884
829.8000000001261,21.642381532080613
829.9000000001262,-15.450406302501385
830.0000000001262,-5.670053842481215
830.1000000001262,16.416972328008825
830.2000000001262,18.72851833319477
830.3000000001263,12.223767533190735
830.4000000001263,7.276057848312213
830.5000000001263,8.129019766808494
830.6000000001263,6.590072286906045
830.7000000001264,-3.0662587139921533
830.8000000001264,-0.4462723163823614
830.9000000001264,15.077396821450327
831.0000000001264,6.6413314156444025
831.1000000001264,-13.394256390714913
831.2000000001265,-0.9932733811473198
831.3000000001265,13.893996033004269
831.4000000001265,-2.446652416175173
831.5000000001265,-4.935053267981437
831.6000000001266,21.971923530878257
831.7000000001266,32.24151001703654
831.8000000001266,19.010782614753975
831.9000000001266,5.13901088592265
832.0000000001266,-2.697878971942463
832.1000000001267,-4.972811085282056
832.2000000001267,-4.877142910833504
832.3000000001267,-2.8199903553764827
832.4000000001267,4.3330012331133165
832.5000000001268,11.70853575160019
832.6000000001268,11.05801052898181
832.7000000001268,4.675370155309875
832.8000000001268,-0.4321331118518974
832.9000000001269,5.387473467948174
833.0000000001269,16.865049643760432
833.1000000001269,14.242586671870997
833.2000000001269,10.750805128804265
833.3000000001269,27.791838963418385
833.400000000127,35.89575287421599
833.500000000127,15.706818975609355
833.600000000127,-3.0597423094880227
833.700000000127,-3.4649144314021445
833.800000000127,10.332921683336261
833.9000000001271,17.91637559954048
834.0000000001271,3.2125787002796526
834.1000000001271,-4.137401486315556
834.2000000001271,10.429137737862543
834.3000000001272,16.8015464863655
834.4000000001272,10.705758874624793
834.5000000001272,11.509923983399952
834.6000000001272,13.866548776112312
834.7000000001273,6.775957074027364
834.8000000001273,-2.935452507236642
834.9000000001273,-6.137376361880742
835.0000000001273,3.303560520151688
835.1000000001274,16.147079918331894
835.2000000001274,15.140279932895279
835.3000000001274,4.478187128293829
835.4000000001274,-2.4641821264397095
835.5000000001274,10.05350837160867
835.6000000001275,31.06271909373503
835.7000000001275,19.02084240069507
835.8000000001275,-10.632403431558064
835.9000000001275,-14.596499393998668
836.0000000001276,-2.649833417033208
836.1000000001276,6.281047257975168
836.2000000001276,10.261687678663181
836.3000000001276,10.970589291147974
836.4000000001276,11.6467613459623
836.5000000001277,16.946852621184707
836.6000000001277,28.074634026148406
836.7000000001277,29.337393159609984
836.8000000001277,15.495715022772131
836.9000000001278,8.040556757035558
837.0000000001278,9.29910273129238
837.1000000001278,4.6968453795658185
837.2000000001278,6.821967406673481
837.3000000001279,26.542607133706817
837.4000000001279,27.949180198685433
837.5000000001279,5.815759657331393
837.6000000001279,13.332746037819982
837.700000000128,41.08426034794665
837.800000000128,37.58040644850194
837.900000000128,11.132482221555255
838.000000000128,-10.506838197863008
838.100000000128,-8.394439609874562
838.2000000001281,12.614598990832867
838.3000000001281,22.05498587587752
838.4000000001281,21.830536085597153
838.5000000001281,28.35761759017012
838.6000000001281,25.291674391665552
838.7000000001282,6.046675852377437
838.8000000001282,4.170598850357741
838.9000000001282,17.477504895173745
839.0000000001282,8.377525023860612
839.1000000001283,0.2580554672372358
839.2000000001283,26.313932309566695
839.3000000001283,38.528632892484325
839.4000000001283,16.98948188210556
839.5000000001284,18.427060741486542
839.6000000001284,39.70854292473443
839.7000000001284,32.243768922189844
839.8000000001284,20.075400287132002
839.9000000001284,34.33434329355562
840.0000000001285,41.27109208995851
840.1000000001285,33.83370138290089
840.2000000001285,51.84772298635393
840.3000000001285,70.51927352307577
840.4000000001286,55.41943213805553
840.5000000001286,151.09713003557746
840.6000000001286,473.46244044420837
840.7000000001286,941.009561722674
840.8000000001286,1254.986737476568
840.9000000001287,993.8512153631942
841.0000000001287,468.68359279623627
841.1000000001287,215.37889699790327
841.2000000001287,150.42117575043176
841.3000000001288,116.27594297517746
841.4000000001288,85.2779388757634
841.5000000001288,59.56443453653331
841.6000000001288,52.60643673401175
841.7000000001289,58.96903239579234
841.8000000001289,71.91295729815873
841.9000000001289,102.04611219195287
842.0000000001289,111.37202306873341
842.100000000129,28.971791852477068
842.200000000129,216.77444084856228
842.300000000129,1047.833323337248
842.400000000129,1569.620881756864
842.500000000129,1127.134975250246
842.6000000001291,556.5181884315097
842.7000000001291,299.60679852987573
842.8000000001291,195.67977097593146
842.9000000001291,141.08024079859464
843.0000000001291,92.16938623506026
843.1000000001292,67.69809989866523
843.2000000001292,70.86894804856135
843.3000000001292,59.842700693404694
843.4000000001292,35.28317998830272
843.5000000001293,27.732389358109383
843.6000000001293,26.13225027902936
843.7000000001293,16.619450865231254
843.8000000001293,18.434383289587664
843.9000000001294,30.330196592650562
844.0000000001294,23.242723359901575
844.1000000001294,8.16158105419632
844.2000000001294,12.70955541114628
844.3000000001294,29.576330471746108
844.4000000001295,50.93765449385495
844.5000000001295,84.73710162633908
844.6000000001295,112.19398014963433
844.7000000001295,96.26274209520246
844.8000000001296,56.653010504005685
844.9000000001296,28.376737003864616
845.0000000001296,16.342450720737688
845.1000000001296,13.125751685447524
845.2000000001296,3.9956531441012997
845.3000000001297,-1.4633723169058193
845.4000000001297,14.675448008745036
845.5000000001297,27.591972201164612
845.6000000001297,17.9198792834736
845.7000000001298,7.105981404786741
845.8000000001298,7.539923061948862
845.9000000001298,15.291560095464115
846.0000000001298,15.561815108816589
846.1000000001299,-1.5498786231817612
846.2000000001299,-11.823361696791656
846.3000000001299,-3.8181741254920922
846.4000000001299,3.0837307531880356
846.50000000013,3.133935848662813
846.60000000013,2.3343478828360427
846.70000000013,3.36471906693388
846.80000000013,7.05424946663576
846.90000000013,12.65654748317311
847.0000000001301,15.10654963054338
847.1000000001301,6.462873917724922
847.2000000001301,-5.118889655377039
847.3000000001301,-5.488205612081052
847.4000000001301,8.752328044064575
847.5000000001302,27.963951763954405
847.6000000001302,26.525724597551466
847.7000000001302,7.459358449414338
847.8000000001302,-5.026209434850038
847.9000000001303,-6.704078035989286
848.0000000001303,-0.2059078651501256
848.1000000001303,13.911796873817472
848.2000000001303,28.71952936569498
848.3000000001304,30.50781919336979
848.4000000001304,18.04815826300408
848.5000000001304,0.39240688890527675
848.6000000001304,-1.8233180459327045
848.7000000001304,14.44486446086598
848.8000000001305,17.799476114483618
848.9000000001305,10.832673784218274
849.0000000001305,20.351120262499684
849.1000000001305,26.193646840384304
849.2000000001306,10.775096390041222
849.3000000001306,12.17138255987928
849.4000000001306,32.83331763435474
849.5000000001306,26.638076894318505
849.6000000001306,14.939964057928826
849.7000000001307,38.41649633971326
849.8000000001307,48.70607265140548
849.9000000001307,22.378955363963946
850.0000000001307,18.918029131571263
850.1000000001308,39.31586020685227
850.2000000001308,35.97709817291467
850.3000000001308,15.170442804411719
850.4000000001308,2.356274830631455
850.5000000001309,15.359155382981625
850.6000000001309,40.00024381272173
850.7000000001309,30.864590316743076
850.8000000001309,6.046134119836851
850.900000000131,7.568101805606001
851.000000000131,21.74076165541065
851.100000000131,28.28923575528097
851.200000000131,21.273716190206677
851.300000000131,10.560842360787595
851.4000000001311,14.393563808178442
851.5000000001311,29.491084572374007
851.6000000001311,37.6348275613289
851.7000000001311,6.571093102290742
851.8000000001311,2.850946922569978
851.9000000001312,181.89784408437484
852.0000000001312,414.42823909693874
852.1000000001312,476.002900151741
852.2000000001312,390.4140718285557
852.3000000001313,242.28249333865864
852.4000000001313,115.05075696973603
852.5000000001313,46.950293109574545
852.6000000001313,33.730194284180556
852.7000000001314,30.713219357706738
852.8000000001314,6.80329451532416
852.9000000001314,-3.9120914924228916
853.0000000001314,12.756962318136594
853.1000000001314,37.89707137900704
853.2000000001315,46.66580333994363
853.3000000001315,26.946425551131373
853.4000000001315,18.099989164676792
853.5000000001315,37.35064146666269
853.6000000001316,51.466383657912175
853.7000000001316,37.70924438177856
853.8000000001316,3.517649717025588
853.9000000001316,55.674628725701474
854.0000000001316,230.99889491888
854.1000000001317,351.3234943858169
854.2000000001317,328.71188502873747
854.3000000001317,201.84035745962532
854.4000000001317,77.67279727543328
854.5000000001318,43.957774208677776
854.6000000001318,41.74060993055641
854.7000000001318,26.57287662584394
854.8000000001318,11.818910545971217
854.9000000001319,5.071924019536877
855.0000000001319,6.296916330730509
855.1000000001319,9.689173933990139
855.2000000001319,9.684187147448618
855.300000000132,4.529016170347608
855.400000000132,-0.08413351307910844
855.500000000132,4.563157263382027
855.600000000132,7.659405264740443
855.700000000132,-0.13624467245617256
855.8000000001321,-4.428735764019182
855.9000000001321,-0.22890613496628337
856.0000000001321,2.8835839385071425
856.1000000001321,5.098026087228366
856.2000000001321,9.703445940810735
856.3000000001322,10.28232042206999
856.4000000001322,6.695989937161855
856.5000000001322,11.315303039757985
856.6000000001322,21.35587571692979
856.7000000001323,24.471960699668323
856.8000000001323,20.92520436903726
856.9000000001323,15.208260456498802
857.0000000001323,11.76939975275697
857.1000000001324,11.09751326842424
857.2000000001324,9.656885816454384
857.3000000001324,2.9722786830586942
857.4000000001324,-7.123408788990503
857.5000000001324,0.3006165437041295
857.6000000001325,20.65674105119606
857.7000000001325,16.0543809468354
857.8000000001325,-0.9246463660505083
857.9000000001325,3.301468958493186
858.0000000001326,18.05213390894398
858.1000000001326,22.93799451833525
858.2000000001326,3.2188391302957338
858.3000000001326,-15.495092881172786
858.4000000001326,8.853758293681338
858.5000000001327,31.7787847004259
858.6000000001327,12.390841848447462
858.7000000001327,-10.863913601973367
858.8000000001327,-11.89104084457234
858.9000000001328,7.7970662813037315
859.0000000001328,24.435870477871553
859.1000000001328,17.755300205285348
859.2000000001328,9.311340560861703
859.3000000001329,12.203366271690179
859.4000000001329,16.83076190454369
859.5000000001329,14.17739893341903
859.6000000001329,2.2769922115983987
859.700000000133,2.9129713428043837
859.800000000133,18.370421780753738
859.900000000133,8.199516616224981
860.000000000133,-16.689841213240637
860.100000000133,-10.84614489145256
860.2000000001331,10.36185172214127
860.3000000001331,18.848439123115817
860.4000000001331,8.881536304100326
860.5000000001331,-8.64026768833115
860.6000000001332,-11.723838890728173
860.7000000001332,-0.7577541335808099
860.8000000001332,13.062490184647453
860.9000000001332,18.407119439961896
861.0000000001332,9.43174491191999
861.1000000001333,-10.773274362684862
861.2000000001333,-22.01750718614059
861.3000000001333,-5.638971407861879
861.4000000001333,10.681815326908279
861.5000000001334,13.253495483828724
861.6000000001334,29.50324955873649
861.7000000001334,46.130233740540575
861.8000000001334,27.680336904029765
861.9000000001334,4.190659474351182
862.0000000001335,4.832362846095741
862.1000000001335,9.406559429384654
862.2000000001335,8.287194428504877
862.3000000001335,7.861964377274089
862.4000000001336,10.486791179115146
862.5000000001336,16.031107063361297
862.6000000001336,23.09780909376993
862.7000000001336,31.383657576851043
862.8000000001337,40.969591843356234
862.9000000001337,40.63236526239472
863.0000000001337,20.180455934607696
863.1000000001337,-4.584714579326435
863.2000000001337,-15.204176080988542
863.3000000001338,-0.7239813925081839
863.4000000001338,16.83473339783991
863.5000000001338,6.226695432890521
863.6000000001338,-4.299557605255422
863.7000000001339,6.1771279206036835
863.8000000001339,12.932995261544098
863.9000000001339,9.504059896399518
864.0000000001339,7.7602814336838986
864.100000000134,10.893463435914759
864.200000000134,14.857442082518252
864.300000000134,7.401427029915215
864.400000000134,-2.563548879734626
864.500000000134,10.894530960230195
864.6000000001341,26.413908485861064
864.7000000001341,16.70192281310706
864.8000000001341,2.2239435486303165
864.9000000001341,-4.3967050486424295
865.0000000001342,-10.106800387228223
865.1000000001342,-5.622567191521937
865.2000000001342,17.44791369064447
865.3000000001342,27.694287366608332
865.4000000001342,11.720788219077843
865.5000000001343,-2.4286787318772136
865.6000000001343,3.07687497372663
865.7000000001343,27.081520979325635
865.8000000001343,25.185413446461727
865.9000000001344,6.9651942132413005
866.0000000001344,95.2443134843441
866.1000000001344,215.2718607523032
866.2000000001344,169.18025915092983
866.3000000001344,58.57746104729272
866.4000000001345,24.197844157555828
866.5000000001345,47.08326294452838
866.6000000001345,89.57189411708104
866.7000000001345,119.22985196057954
866.8000000001346,115.17099200487681
866.9000000001346,72.59315405974775
867.0000000001346,17.953435839952448
867.1000000001346,-10.464123374930665
867.2000000001347,22.706196904891563
867.3000000001347,59.31936891187042
867.4000000001347,31.956373672889676
867.5000000001347,5.961325344802343
867.6000000001347,17.995305928057178
867.7000000001348,28.618977815790924
867.8000000001348,40.83712315555098
867.9000000001348,71.77435419407355
868.0000000001348,74.28683754021021
868.1000000001349,35.28230440964951
868.2000000001349,21.177719426519076
868.3000000001349,35.233388953903386
868.4000000001349,38.46885983154504
868.500000000135,39.08159979002609
868.600000000135,44.651247169133555
868.700000000135,34.26153942179766
868.800000000135,16.831983531952744
868.900000000135,22.019836982515436
869.0000000001351,34.43053103519112
869.1000000001351,32.55209443718459
869.2000000001351,19.60466701532174
869.3000000001351,7.69481874186886
869.4000000001352,10.35746302651419
869.5000000001352,13.542873023420613
869.6000000001352,5.03111470216475
869.7000000001352,8.704641435356976
869.8000000001352,24.314205565929395
869.9000000001353,21.839587714823892
870.0000000001353,11.640924894786508
870.1000000001353,13.536442626041902
870.2000000001353,11.514059607089774
870.3000000001354,7.579882653557927
870.4000000001354,30.351445442968068
870.5000000001354,44.640426028125916
870.6000000001354,7.942474063883479
870.7000000001354,-11.417397951331177
870.8000000001355,13.871853605412696
870.9000000001355,17.42501001550471
871.0000000001355,7.8855449791151475
871.1000000001355,28.825643243877543
871.2000000001356,41.52742010065742
871.3000000001356,19.799682222137076
871.4000000001356,-4.131869153883141
871.5000000001356,-9.508456527232617
871.6000000001357,6.077528568438865
871.7000000001357,17.900183552647015
871.8000000001357,12.617974673749607
871.9000000001357,13.480062316180998
872.0000000001357,22.355120403995162
872.1000000001358,23.48084873119294
872.2000000001358,22.122138048498883
872.3000000001358,24.6194038319188
872.4000000001358,23.58007396271899
872.5000000001359,19.349019380525633
872.6000000001359,19.013423817700037
872.7000000001359,15.747332434057874
872.8000000001359,5.593163399695962
872.900000000136,4.6514078952456295
873.000000000136,12.969278973810543
873.100000000136,12.704117341691013
873.200000000136,-0.264191691115624
873.300000000136,-16.648575671438667
873.4000000001361,-9.31544648525325
873.5000000001361,13.180330592275048
873.6000000001361,5.680515903710498
873.7000000001361,-13.987599523243029
873.8000000001362,-12.528634081361195
873.9000000001362,-6.370234077454167
874.0000000001362,-4.384319101373704
874.1000000001362,4.161089561172839
874.2000000001362,13.256914648331033
874.3000000001363,11.211801917218228
874.4000000001363,0.1211129917441438
874.5000000001363,-8.183190852096622
874.6000000001363,4.312744987506441
874.7000000001364,23.2757936721202
874.8000000001364,25.304369190719637
874.9000000001364,24.945761264008976
875.0000000001364,31.378950487193663
875.1000000001364,33.394771883180645
875.2000000001365,29.0309777252312
875.3000000001365,23.264805762705446
875.4000000001365,20.84745195598284
875.5000000001365,22.48626698143989
875.6000000001366,22.761752742877924
875.7000000001366,19.18248637380165
875.8000000001366,13.795717742999885
875.9000000001366,17.89358085554859
876.0000000001367,30.000098508330687
876.1000000001367,24.52030907614928
876.2000000001367,7.663320057485512
876.3000000001367,5.498607982399792
876.4000000001367,18.51731804076145
876.5000000001368,30.646283649286595
876.6000000001368,13.032967974994339
876.7000000001368,-10.78571020470706
876.8000000001368,7.291473147757521
876.9000000001369,26.060507075638547
877.0000000001369,11.634153871644273
877.1000000001369,-1.0043486665659063
877.2000000001369,-2.7092742519638997
877.300000000137,-8.289056594645427
877.400000000137,-10.436369239083145
877.500000000137,-1.558382962113214
877.600000000137,10.620886278870696
877.700000000137,19.38423923530501
877.8000000001371,20.497801744771515
877.9000000001371,9.510674153398238
878.0000000001371,-7.69886827250135
878.1000000001371,-4.424919526355295
878.2000000001372,11.987038683048903
878.3000000001372,8.024545914000322
878.4000000001372,-6.385302524998837
878.5000000001372,-10.677288495544577
878.6000000001372,1.3654764457207689
878.7000000001373,17.0894324503295
878.8000000001373,13.91407710372062
878.9000000001373,6.68227195300906
879.0000000001373,11.905957111464112
879.1000000001374,16.117149954891712
879.2000000001374,15.794095425518936
879.3000000001374,19.269200051507994
879.4000000001374,21.989643079171493
879.5000000001374,16.781386477777502
879.6000000001375,3.6542845283259098
879.7000000001375,-4.040646285351065
879.8000000001375,12.17445187133414
879.9000000001375,23.56111635724112
880.0000000001376,6.381975448443023
880.1000000001376,-3.7781389024865497
880.2000000001376,5.059206355709881
880.3000000001376,13.32416149209243
880.4000000001377,11.999109963085358
880.5000000001377,1.7578173878815169
880.6000000001377,-5.116106747342508
880.7000000001377,1.1108048443897576
880.8000000001377,21.549755781510832
880.9000000001378,28.68772425920676
881.0000000001378,5.074505219136624
881.1000000001378,-11.98859486108654
881.2000000001378,-6.333048936859889
881.3000000001379,7.286677911610859
881.4000000001379,12.655745287839888
881.5000000001379,3.1291876410805894
881.6000000001379,-4.153344243932698
881.700000000138,-3.986123648859164
881.800000000138,-4.363940153412356
881.900000000138,7.47423977493722
882.000000000138,34.46072365233253
882.100000000138,33.59256104701454
882.2000000001381,5.040005080504865
882.3000000001381,-5.89474154524308
882.4000000001381,0.28264334348092596
882.5000000001381,8.498516200269526
882.6000000001382,17.42332459369536
882.7000000001382,18.788116201856653
882.8000000001382,1.3427453888756915
882.9000000001382,-4.102164740242076
883.0000000001382,20.15180008673678
883.1000000001383,19.16231026617049
883.2000000001383,-2.5664472879838174
883.3000000001383,16.03913566716875
883.4000000001383,44.77149029857402
883.5000000001384,42.188658694710334
883.6000000001384,31.01568658424858
883.7000000001384,26.995212258414316
883.8000000001384,29.013360021171206
883.9000000001384,31.03337478667204
884.0000000001385,30.134865010786083
884.1000000001385,33.841225053462644
884.2000000001385,35.24834262090699
884.3000000001385,18.49786271838241
884.4000000001386,5.381862381302474
884.5000000001386,14.624072067841205
884.6000000001386,26.07157286067963
884.7000000001386,30.6232854039757
884.8000000001387,32.2614174351866
884.9000000001387,23.87542658279477
885.0000000001387,8.439264280782604
885.1000000001387,17.292976064900152
885.2000000001387,37.4451640419409
885.3000000001388,26.559834762253683
885.4000000001388,13.531123660016537
885.5000000001388,24.828576528987576
885.6000000001388,31.544853970449346
885.7000000001389,23.98498596516916
885.8000000001389,15.41734007521828
885.9000000001389,25.16121608241353
886.0000000001389,47.00834689431487
886.100000000139,26.990969672623343
886.200000000139,-9.252586580822987
886.300000000139,7.9459912671571
886.400000000139,33.27192178160209
886.500000000139,24.579397745670025
886.6000000001391,10.243929725039841
886.7000000001391,7.767674364034919
886.8000000001391,17.18741777263428
886.9000000001391,21.583348257062944
887.0000000001392,12.713267803212574
887.1000000001392,4.5566171450796356
887.2000000001392,2.0132088622713677
887.3000000001392,1.4612848987864047
887.4000000001392,-3.3438189020515034
887.5000000001393,-6.645276873254053
887.6000000001393,13.06507585151304
887.7000000001393,26.911724061241213
887.8000000001393,-1.859760045384315
887.9000000001394,-11.239163282965785
888.0000000001394,22.398234093499276
888.1000000001394,36.00705367893423
888.2000000001394,20.128505436734713
888.3000000001394,-0.04697129869700323
888.4000000001395,-5.258755039428445
888.5000000001395,5.85404121892266
888.6000000001395,13.74976241039028
888.7000000001395,11.507921330607516
888.8000000001396,1.5089589381732336
888.9000000001396,-8.768012178586245
889.0000000001396,-8.865219589242638
889.1000000001396,9.541602330475804
889.2000000001397,16.781515650769812
889.3000000001397,-8.98274049021865
889.4000000001397,-14.366512771619572
889.5000000001397,8.249648599798459
889.6000000001397,8.713374973292897
889.7000000001398,2.4037397639419233
889.8000000001398,14.560631377088395
889.9000000001398,17.434564730378206
890.0000000001398,9.169316655167165
890.1000000001399,16.55395187954887
890.2000000001399,25.371721765427857
890.3000000001399,21.43866224757862
890.4000000001399,28.479223575018768
890.50000000014,45.618614912109216
890.60000000014,48.77147498797743
890.70000000014,37.62636853803893
890.80000000014,24.413746361234423
890.90000000014,27.305775221104472
891.0000000001401,36.05017460950492
891.1000000001401,24.803625135672007
891.2000000001401,8.6165916779164
891.3000000001401,8.324173900408281
891.4000000001402,29.73087178106672
891.5000000001402,49.873020027574164
891.6000000001402,38.92654080262447
891.7000000001402,22.349033089398624
891.8000000001402,18.87401250685551
891.9000000001403,14.157949550886704
892.0000000001403,12.107536181559109
892.1000000001403,21.701554215918414
892.2000000001403,20.790089115130975
892.3000000001404,3.8560254881491747
892.4000000001404,-2.9016209844013163
892.5000000001404,10.68802535796656
892.6000000001404,35.12234755050087
892.7000000001404,32.01218714606623
892.8000000001405,4.453032951681009
892.9000000001405,4.4167233683043
893.0000000001405,15.228611363781456
893.1000000001405,6.974692575360098
893.2000000001406,6.887308695395676
893.3000000001406,18.23395779871068
893.4000000001406,15.113190830071598
893.5000000001406,14.662146650290353
893.6000000001407,27.80184972043016
893.7000000001407,11.223609366276225
893.8000000001407,-21.492319050130742
893.9000000001407,-12.947746714425001
894.0000000001407,9.842943281678233
894.1000000001408,11.211423778772811
894.2000000001408,-1.2185391004919488
894.3000000001408,-6.433816114478484
894.4000000001408,13.71011311241219
894.5000000001409,34.017588862609365
894.6000000001409,34.112871563819034
894.7000000001409,23.183591378622413
894.8000000001409,12.932591668222674
894.900000000141,11.22895200821515
895.000000000141,12.066563546062683
895.100000000141,12.295432577763012
895.200000000141,16.15830138466265
895.300000000141,14.270395117039552
895.4000000001411,-0.4047705583228396
895.5000000001411,-2.879141479705588
895.6000000001411,10.092775631805356
895.7000000001411,12.240275314849008
895.8000000001412,8.990599053843614
895.9000000001412,12.997314703614363
896.0000000001412,15.146758449357648
896.1000000001412,10.182388126933189
896.2000000001412,1.0576752525210873
896.3000000001413,-4.37932284456192
896.4000000001413,0.14812972681917103
896.5000000001413,13.148957193004291
896.6000000001413,22.07409722662259
896.7000000001414,12.362566304703872
896.8000000001414,1.150831955077543
896.9000000001414,1.3556217723859514
897.0000000001414,1.8454065491889535
897.1000000001414,2.9998630098834327
897.2000000001415,9.48720061694408
897.3000000001415,4.973029911771441
897.4000000001415,-7.94053003862299
897.5000000001415,2.8744171354720716
897.6000000001416,15.873994769408462
897.7000000001416,-1.2331404408723616
897.8000000001416,-14.824532844379672
897.9000000001416,-8.190869609422077
898.0000000001417,0.8341475137528489
898.1000000001417,2.611950959220427
898.2000000001417,-2.3468630977316307
898.3000000001417,-0.34535058375208894
898.4000000001417,8.243961444568058
898.5000000001418,11.023561179805535
898.6000000001418,16.21856602006714
898.7000000001418,26.18028853848811
898.8000000001418,18.1011825829419
898.9000000001419,3.187185649453782
899.0000000001419,10.089057788479098
899.1000000001419,15.34921484562346
899.2000000001419,7.326720519952711
899.300000000142,14.118793981863282
899.400000000142,23.96499378760885
899.500000000142,10.677730216212945
899.600000000142,-6.741197239037255
899.700000000142,-8.022471193133635
899.8000000001421,12.29041256888483
899.9000000001421,31.042304101353633
900.0000000001421,26.77259146494416
900.1000000001421,19.545967231652806
900.2000000001422,17.524687119391913
900.3000000001422,10.909587273568437
900.4000000001422,-0.7742457476575721
900.5000000001422,-9.87411800701611
900.6000000001422,-1.3149566000989907
900.7000000001423,16.323457133628366
900.8000000001423,19.32766877307631
900.9000000001423,7.026948213609387
901.0000000001423,-3.6274061198342764
901.1000000001424,16.393503778496147
901.2000000001424,33.73318394053729
901.3000000001424,4.927610832678059
901.4000000001424,-6.858478118639255
901.5000000001424,14.91343155174779
901.6000000001425,6.903109163262511
901.7000000001425,-4.008555517259316
901.8000000001425,22.179922290476974
901.9000000001425,35.821628046250765
902.0000000001426,19.797950594950432
902.1000000001426,1.5727824568516198
902.2000000001426,-10.011730146753173
902.3000000001426,-9.623794945840775
902.4000000001427,14.077469887770533
902.5000000001427,34.0710885766127
902.6000000001427,11.742809297970553
902.7000000001427,-8.722631025616899
902.8000000001427,2.5201184861416204
902.9000000001428,17.941318373602535
903.0000000001428,19.48254553940605
903.1000000001428,4.805528922143607
903.2000000001428,-5.6295900665708185
903.3000000001429,-6.445035979121622
903.4000000001429,-11.173795386870824
903.5000000001429,-0.7243617651944075
903.6000000001429,30.533970242380306
903.700000000143,23.11798132658302
903.800000000143,-13.061636595233267
903.900000000143,-12.228930143204831
904.000000000143,9.832581009355614
904.100000000143,22.4104493451662
904.2000000001431,18.76232462866899
904.3000000001431,7.853592170501233
904.4000000001431,4.114123287765818
904.5000000001431,8.41482590256203
904.6000000001432,13.312553094464768
904.7000000001432,7.626752599643989
904.8000000001432,5.957893610972042
904.9000000001432,19.269287793006633
905.0000000001432,14.20470839216771
905.1000000001433,-5.780589846610946
905.2000000001433,-1.9553344013335536
905.3000000001433,9.576630302003386
905.4000000001433,8.828884594714054
905.5000000001434,8.899431072936858
905.6000000001434,14.87913509565687
905.7000000001434,21.96164866333383
905.8000000001434,21.412109510530904
905.9000000001435,14.079617700927374
906.0000000001435,13.959523550125597
906.1000000001435,14.574881098696311
906.2000000001435,5.842418503878083
906.3000000001435,1.4844500914217074
906.4000000001436,8.303639276082507
906.5000000001436,19.651107641815575
906.6000000001436,20.365588059080856
906.7000000001436,6.708201850664197
906.8000000001437,3.701585821278329
906.9000000001437,11.801887921675629
907.0000000001437,14.123779482030322
907.1000000001437,14.331300290735898
907.2000000001437,10.998825389250866
907.3000000001438,-9.170191746026802
907.4000000001438,-15.533093681951435
907.5000000001438,17.740966765450562
907.6000000001438,27.196022234948302
907.7000000001439,1.2276858147072356
907.8000000001439,-4.702853452785712
907.9000000001439,14.47304679848007
908.0000000001439,36.324285515905096
908.100000000144,28.766424210209696
908.200000000144,5.4169852302194075
908.300000000144,4.331965933144069
908.400000000144,9.96734467964055
908.500000000144,10.04018069350211
908.6000000001441,17.336105542300025
908.7000000001441,25.306134381104123
908.8000000001441,20.436222276883747
908.9000000001441,4.131312264427239
909.0000000001442,-13.352177782896957
909.1000000001442,-17.829039337710995
909.2000000001442,-10.700834059585729
909.3000000001442,0.3592237220635904
909.4000000001442,7.903840338236294
909.5000000001443,12.930743402417246
909.6000000001443,19.85960006381431
909.7000000001443,21.283195400777466
909.8000000001443,13.64973781776323
909.9000000001444,3.7327174411682384
910.0000000001444,2.8228168861724945
910.1000000001444,14.797494083133339
910.2000000001444,18.421230154217085
910.3000000001445,5.236891407136007
910.4000000001445,-14.442214067264523
910.5000000001445,-19.717689368085615
910.6000000001445,-3.895879945199637
910.7000000001445,8.2784308961067
910.8000000001446,9.977592082136411
910.9000000001446,9.438459472044217
911.0000000001446,15.879780646553806
911.1000000001446,22.28392962117536
911.2000000001447,6.38865332185926
911.3000000001447,-9.980035479806043
911.4000000001447,-0.03213938841802122
911.5000000001447,23.378392271467217
911.6000000001447,40.56237564229219
911.7000000001448,36.88082199636067
911.8000000001448,26.581935620773223
911.9000000001448,48.82903935530048
912.0000000001448,167.501439128315
912.1000000001449,431.5172812861985
912.2000000001449,757.3284143688654
912.3000000001449,693.9844687040562
912.4000000001449,279.2871040040817
912.500000000145,80.00984487511388
912.600000000145,64.33130302369781
912.700000000145,45.853094073660365
912.800000000145,33.97833232210866
912.900000000145,33.99643486759692
913.0000000001451,30.51097966690332
913.1000000001451,11.498840585007809
913.2000000001451,-10.922805293777582
913.3000000001451,-0.8438883369418391
913.4000000001452,11.532410735214352
913.5000000001452,-6.7059538020114875
913.6000000001452,-10.336895863289197
913.7000000001452,5.221141746445482
913.8000000001452,5.676064241218218
913.9000000001453,7.565498576102564
914.0000000001453,21.964921729197247
914.1000000001453,25.322082994344786
914.2000000001453,22.04189483865231
914.3000000001454,24.930496904192058
914.4000000001454,13.915168955639054
914.5000000001454,-2.847601042058374
914.6000000001454,10.755553486503516
914.7000000001455,24.28585171187443
914.8000000001455,12.848055382616048
914.9000000001455,13.672323511118133
915.0000000001455,24.027383486652674
915.1000000001455,17.641490323968355
915.2000000001456,10.610135205290648
915.3000000001456,8.102316356292363
915.4000000001456,-7.7082987992527805
915.5000000001456,-16.31138951011283
915.6000000001457,0.12192563551884383
915.7000000001457,9.758833739707548
915.8000000001457,7.9513932854242375
915.9000000001457,13.010376406786747
916.0000000001457,13.56746596168482
916.1000000001458,6.39101290015578
916.2000000001458,10.81629238012557
916.3000000001458,15.662169084088516
916.4000000001458,6.001334731884461
916.5000000001459,5.311266077401047
916.6000000001459,18.622515391393584
916.7000000001459,27.256509841615546
916.8000000001459,17.912038321522324
916.900000000146,-3.3990960624643596
917.000000000146,-4.34152957789789
917.100000000146,8.698289560007288
917.200000000146,13.815804991548253
917.300000000146,22.111600710042538
917.4000000001461,31.107564940143607
917.5000000001461,21.365843834697014
917.6000000001461,7.819702727552802
917.7000000001461,5.36796291350368
917.8000000001462,2.46604380513338
917.9000000001462,-6.326463159267416
918.0000000001462,-15.609339201983975
918.1000000001462,-4.874729219263549
918.2000000001462,16.05220311777835
918.3000000001463,5.847741130918985
918.4000000001463,-7.091363219833619
918.5000000001463,5.415914214296538
918.6000000001463,6.026781092534003
918.7000000001464,-5.959625405042629
918.8000000001464,-4.845031434750187
918.9000000001464,0.5822402809590588
919.0000000001464,2.518140380380159
919.1000000001465,4.85987067040044
919.2000000001465,-1.364493036543609
919.3000000001465,-14.478784283170597
919.4000000001465,4.7420731711881
919.5000000001465,44.9575519433764
919.6000000001466,57.54333807362427
919.7000000001466,35.52315318050014
919.8000000001466,2.231582476053601
919.9000000001466,0.2504831720758314
920.0000000001467,11.687854835553935
920.1000000001467,9.301067411679309
920.2000000001467,20.054576983182116
920.3000000001467,36.789898252781605
920.4000000001467,25.306860119934406
920.5000000001468,1.2543819195210713
920.6000000001468,-7.311536913491777
920.7000000001468,17.31852820182513
920.8000000001468,35.62200688179803
920.9000000001469,12.578978611868036
921.0000000001469,3.045187113889516
921.1000000001469,18.990513470017994
921.2000000001469,26.134706169116992
921.300000000147,23.75323555383392
921.400000000147,16.967789110766617
921.500000000147,4.412218797674452
921.600000000147,-1.7499959314108202
921.700000000147,8.709640249525513
921.8000000001471,20.184325176321018
921.9000000001471,32.49705066631052
922.0000000001471,55.89260026893451
922.1000000001471,60.17118912815034
922.2000000001472,70.40120122874843
922.3000000001472,194.1532196355029
922.4000000001472,292.3140197341349
922.5000000001472,203.58641989405191
922.6000000001472,94.32514180138239
922.7000000001473,56.78914874297144
922.8000000001473,58.138590011603505
922.9000000001473,58.836880498379514
923.0000000001473,36.51386462926853
923.1000000001474,0.20403645830446848
923.2000000001474,-9.973555330519849
923.3000000001474,23.053360681599955
923.4000000001474,14.989614853012885
923.5000000001475,-20.580069900242023
923.6000000001475,6.283804352564756
923.7000000001475,32.000524634545066
923.8000000001475,13.453361580080964
923.9000000001475,8.709049956431453
924.0000000001476,16.390339631098534
924.1000000001476,11.256614951100476
924.2000000001476,3.026196108911779
924.3000000001476,-0.019277680148661436
924.4000000001477,2.603777860338483
924.5000000001477,5.784854525125383
924.6000000001477,7.926632375173004
924.7000000001477,13.57590980931051
924.8000000001477,14.149700180713618
924.9000000001478,1.7353892801402757
925.0000000001478,-12.04174420473389
925.1000000001478,-17.988278505808076
925.2000000001478,-12.701211774961376
925.3000000001479,2.420214564030432
925.4000000001479,15.727888626173222
925.5000000001479,7.366868344373999
925.6000000001479,-6.306219439078278
925.700000000148,-2.6339486474869154
925.800000000148,12.7081222246242
925.900000000148,24.946620368092834
926.000000000148,21.52377185029842
926.100000000148,15.368468872330473
926.2000000001481,12.956522043474248
926.3000000001481,5.558954409935348
926.4000000001481,-0.4972624320561896
926.5000000001481,2.0383138435433956
926.6000000001482,7.327563918478926
926.7000000001482,19.40743131493499
926.8000000001482,39.994156923166216
926.9000000001482,31.324716918928
927.0000000001482,3.163270647804684
927.1000000001483,16.81043612321205
927.2000000001483,22.910694827143224
927.3000000001483,-11.992402991185655
927.4000000001483,-6.714467485206677
927.5000000001484,28.52427478425714
927.6000000001484,33.870078537481064
927.7000000001484,19.00479179060501
927.8000000001484,4.842417878372784
927.9000000001485,5.0648435250127
928.0000000001485,13.511654111593952
928.1000000001485,17.47660621227671
928.2000000001485,7.237984465281233
928.3000000001485,-4.57726832388335
928.4000000001486,-0.6517548444005219
928.5000000001486,11.575539432790805
928.6000000001486,15.578033135103654
928.7000000001486,-0.31041005948526257
928.8000000001487,-2.6068003792909793
928.9000000001487,19.680177917822533
929.0000000001487,26.304926254628487
929.1000000001487,13.250099116890887
929.2000000001487,-4.5105223925209055
929.3000000001488,-16.905725205776516
929.4000000001488,-14.201823646976534
929.5000000001488,6.074149721632743
929.6000000001488,15.276454908545187
929.7000000001489,5.565664794380042
929.8000000001489,3.1692347927574853
929.9000000001489,8.102336508322614
930.0000000001489,10.563363851910152
930.100000000149,6.733925012505791
930.200000000149,-2.523097787923738
930.300000000149,-9.249115853948014
930.400000000149,8.055925008530537
930.500000000149,34.060261636324704
930.6000000001491,23.07999387354963
930.7000000001491,7.272401748450499
930.8000000001491,11.899797104711615
930.9000000001491,4.477677072803549
931.0000000001492,-4.996860496732203
931.1000000001492,3.728354179769696
931.2000000001492,2.177988351979223
931.3000000001492,-7.930957161527251
931.4000000001492,0.8776513299457929
931.5000000001493,11.07132635066129
931.6000000001493,8.401632329145945
931.7000000001493,2.826673248446747
931.8000000001493,7.254806056857948
931.9000000001494,21.38482853253146
932.0000000001494,16.542354851346975
932.1000000001494,-2.450424035990882
932.2000000001494,-9.973705878284571
932.3000000001495,-6.592270885338484
932.4000000001495,-0.498657679027169
932.5000000001495,-0.06583596253657409
932.6000000001495,-4.469669824429344
932.7000000001495,-8.698943269313741
932.8000000001496,-7.244589537626485
932.9000000001496,-2.5101805675349187
933.0000000001496,1.3566727609167053
933.1000000001496,8.173457816004603
933.2000000001497,12.149684769885258
933.3000000001497,3.6516536975057203
933.4000000001497,1.508458112823241
933.5000000001497,16.033610195827013
933.6000000001497,33.16995660526631
933.7000000001498,32.24225723873071
933.8000000001498,9.565671590716398
933.9000000001498,0.5571435084793963
934.0000000001498,9.534042892460839
934.1000000001499,16.985081175948245
934.2000000001499,11.208252468475687
934.3000000001499,-2.047105235276746
934.4000000001499,-4.0204361211910005
934.50000000015,2.113907985412347
934.60000000015,6.8587250147025465
934.70000000015,4.533643919637484
934.80000000015,0.7916001439199121
934.90000000015,1.8472042712176155
935.0000000001501,0.79001325654046
935.1000000001501,0.9766614036188492
935.2000000001501,11.970907478769783
935.3000000001501,26.946407440004307
935.4000000001502,27.19866948537584
935.5000000001502,-4.74292260188837
935.6000000001502,-17.21749748359324
935.7000000001502,15.194677463798994
935.8000000001502,23.90767170693272
935.9000000001503,14.926824715227193
936.0000000001503,23.40040071458276
936.1000000001503,19.187963031826765
936.2000000001503,1.5128010375127339
936.3000000001504,-1.2585520329986097
936.4000000001504,-0.7330101951932317
936.5000000001504,-2.803457316074171
936.6000000001504,6.867638147197893
936.7000000001505,15.66536682286107
936.8000000001505,10.259465505684753
936.9000000001505,1.8174350910139232
937.0000000001505,1.4739711379803278
937.1000000001505,11.297233865915132
937.2000000001506,12.296919350756133
937.3000000001506,6.905406643366292
937.4000000001506,14.129440702059991
937.5000000001506,10.36623644600489
937.6000000001507,-8.249434900059509
937.7000000001507,-3.601110366812605
937.8000000001507,12.523203339927793
937.9000000001507,17.00985257648413
938.0000000001507,16.921396150013607
938.1000000001508,18.15733711265302
938.2000000001508,21.577488362170744
938.3000000001508,23.531972050401833
938.4000000001508,23.063265336590366
938.5000000001509,22.46312937107581
938.6000000001509,21.639384483362026
938.7000000001509,20.3076530963989
938.8000000001509,19.27379486538521
938.900000000151,20.55937789625137
939.000000000151,23.729586871766266
939.100000000151,22.05714168013056
939.200000000151,13.319422119052751
939.300000000151,2.408127263535771
939.4000000001511,4.388471245380872
939.5000000001511,15.461618862746098
939.6000000001511,16.820163180172486
939.7000000001511,23.152022864367027
939.8000000001512,34.53848283744358
939.9000000001512,19.248841008276067
940.0000000001512,-4.576235828614813
940.1000000001512,-9.578401478961355
940.2000000001512,-3.137361298517855
940.3000000001513,6.678846171694313
940.4000000001513,14.516097810885201
940.5000000001513,15.243459870588664
940.6000000001513,10.338364797990117
940.7000000001514,6.332934654839951
940.8000000001514,2.436523240490647
940.9000000001514,-0.2389415472760893
941.0000000001514,3.734937229909136
941.1000000001515,7.04299145715226
941.2000000001515,5.8076656264337725
941.3000000001515,14.04522779404633
941.4000000001515,29.334542094881968
941.5000000001515,36.73735562322619
941.6000000001516,22.016118071630387
941.7000000001516,-0.5114912677031611
941.8000000001516,-0.5514684862997354
941.9000000001516,5.127177443104554
942.0000000001517,0.6081245891198939
942.1000000001517,-10.116021604802258
942.2000000001517,-16.663562696310297
942.3000000001517,-16.24474615375403
942.4000000001517,-21.45332569220008
942.5000000001518,-16.624981182026
942.6000000001518,11.537817412142564
942.7000000001518,23.794054686238823
942.8000000001518,15.987178331844962
942.9000000001519,11.846680804072532
943.0000000001519,-0.23299911775557236
943.1000000001519,-10.197802904927867
943.2000000001519,14.714249955816346
943.300000000152,29.279112297159518
943.400000000152,9.023249167079818
943.500000000152,4.582335950588559
943.600000000152,7.045136726517457
943.700000000152,-4.433554692807131
943.8000000001521,0.08767488426823267
943.9000000001521,15.554458991476224
944.0000000001521,13.950313895197173
944.1000000001521,-5.018660182837079
944.2000000001522,-21.779922421570838
944.3000000001522,-11.809696759583119
944.4000000001522,5.073821469983482
944.5000000001522,9.540389304317415
944.6000000001522,2.5455312929776297
944.7000000001523,-12.039444819822364
944.8000000001523,-21.031213616098157
944.9000000001523,0.6117634674708566
945.0000000001523,23.890523658041666
945.1000000001524,12.329337234175771
945.2000000001524,0.5153853562527058
945.3000000001524,-1.0167873608009435
945.4000000001524,-5.579558373977884
945.5000000001525,-0.5577197617299696
945.6000000001525,15.349383689495342
945.7000000001525,25.87400834541384
945.8000000001525,31.943932279625123
945.9000000001525,40.795379480302174
946.0000000001526,56.38911337690368
946.1000000001526,57.4159898095614
946.2000000001526,29.61804085512232
946.3000000001526,0.26387763650287965
946.4000000001527,-7.347087703285091
946.5000000001527,9.899113514044966
946.6000000001527,15.090576511558641
946.7000000001527,1.3276989953242357
946.8000000001527,-7.569302564711143
946.9000000001528,-3.6536605484868065
947.0000000001528,9.97276575103683
947.1000000001528,21.725395168593913
947.2000000001528,17.022884443530057
947.3000000001529,-0.02545188382243957
947.4000000001529,3.260841426819737
947.5000000001529,0.0
947.6000000001529,0.0
947.700000000153,0.0
947.800000000153,0.0
947.900000000153,0.0
948.000000000153,0.0
948.100000000153,0.0
948.2000000001531,0.0
948.3000000001531,0.0
948.4000000001531,0.0
948.5000000001531,0.0
948.6000000001532,0.0
948.7000000001532,0.0
948.8000000001532,0.0
948.9000000001532,0.0
949.0000000001532,0.0
949.1000000001533,0.0
949.2000000001533,0.0
949.3000000001533,0.0
949.4000000001533,0.0
949.5000000001534,0.0
949.6000000001534,0.0
949.7000000001534,0.0
949.8000000001534,0.0
949.9000000001535,0.0
950.0000000001535,0.0
950.1000000001535,0.0
950.2000000001535,0.0
950.3000000001535,0.0
950.4000000001536,0.0
950.5000000001536,0.0
950.6000000001536,0.0
950.7000000001536,0.0
950.8000000001537,0.0
950.9000000001537,0.0
951.0000000001537,0.0
951.1000000001537,0.0
951.2000000001538,0.0
951.3000000001538,0.0
951.4000000001538,0.0
951.5000000001538,0.0
951.6000000001538,0.0
951.7000000001539,0.0
951.8000000001539,0.0
951.9000000001539,0.0
952.0000000001539,0.0
952.100000000154,0.0
952.200000000154,0.0
952.300000000154,0.0
952.400000000154,0.0
952.500000000154,0.0
952.6000000001541,0.0
952.7000000001541,0.0
952.8000000001541,0.0
952.9000000001541,0.0
953.0000000001542,0.0
953.1000000001542,0.0
953.2000000001542,0.0
953.3000000001542,0.0
953.4000000001543,0.0
953.5000000001543,0.0
953.6000000001543,0.0
953.7000000001543,0.0
953.8000000001543,0.0
953.9000000001544,0.0
954.0000000001544,0.0
954.1000000001544,0.0
954.2000000001544,0.0
954.3000000001545,0.0
954.4000000001545,0.0
954.5000000001545,0.0
954.6000000001545,0.0
954.7000000001545,0.0
954.8000000001546,0.0
954.9000000001546,0.0
955.0000000001546,0.0
955.1000000001546,0.0
955.2000000001547,0.0
955.3000000001547,0.0
955.4000000001547,0.0
955.5000000001547,0.0
955.6000000001548,0.0
955.7000000001548,0.0
955.8000000001548,0.0
955.9000000001548,0.0
956.0000000001548,0.0
956.1000000001549,0.0
956.2000000001549,0.0
956.3000000001549,0.0
956.4000000001549,0.0
956.500000000155,0.0
956.600000000155,0.0
956.700000000155,0.0
956.800000000155,0.0
956.900000000155,0.0
957.0000000001551,0.0
957.1000000001551,0.0
957.2000000001551,0.0
957.3000000001551,0.0
957.4000000001552,0.0
957.5000000001552,0.0
957.6000000001552,0.0
957.7000000001552,0.0
957.8000000001553,0.0
957.9000000001553,0.0
958.0000000001553,0.0
958.1000000001553,0.0
958.2000000001553,0.0
958.3000000001554,0.0
958.4000000001554,0.0
958.5000000001554,0.0
958.6000000001554,0.0
958.7000000001555,0.0
958.8000000001555,0.0
958.9000000001555,0.0
959.0000000001555,0.0
959.1000000001555,0.0
959.2000000001556,0.0
959.3000000001556,0.0
959.4000000001556,0.0
959.5000000001556,0.0
959.6000000001557,0.0
959.7000000001557,0.0
959.8000000001557,0.0
959.9000000001557,0.0
960.0000000001558,0.0
960.1000000001558,0.0
960.2000000001558,0.0
960.3000000001558,0.0
960.4000000001558,0.0
960.5000000001559,0.0
960.6000000001559,0.0
960.7000000001559,0.0
960.8000000001559,0.0
960.900000000156,0.0
